150
1.000000 0.858574 0.892930 0.909835 0.931101 0.915519 0.923999 0.924233 0.880249 0.928214 0.897387 0.921052 0.863496 0.918943 0.899598 0.903465 0.919911 0.925788 0.950561 0.857412 0.908076 0.919933 0.927434 0.945733 0.920350 0.940359 0.921773 0.951895 0.915894 0.927376 0.926199 0.932015 0.938369 0.931719 0.941911 0.932023 0.941613 0.931657 0.920785 0.931501 0.925685 0.914281 0.919278 0.937105 0.947665 0.934577 0.946418 0.939271 0.941714 0.904058 0.914494 0.924163 0.937631 0.948593 0.946253 0.912724 0.871863 0.886084 0.928018 0.907017 0.911223 0.932661 0.911566 0.901755 0.919499 0.915398 0.924324 0.914716 0.943121 0.928830 0.908107 0.902739 0.892477 0.934046 0.927788 0.912306 0.895811 0.934438 0.925850 0.915648 0.901866 0.907680 0.882857 0.931428 0.903283 0.932385 0.929298 0.886899 0.905485 0.907057 0.907668 0.928193 0.853813 0.902263 0.888900 0.908250 0.895209 0.911009 0.868741 0.905677 0.927353 0.925518 0.928858 0.924500 0.922878 0.908950 0.907880 0.926876 0.892449 0.938533 0.933425 0.906320 0.899510 0.912596 0.921820 0.901244 0.905048 0.906888 0.930413 0.904339 0.925643 0.895685 0.922215 0.898064 0.879084 0.893775 0.906127 0.901799 0.907886 0.922660 0.888610 0.897961 0.894077 0.903087 0.904772 0.928109 0.923644 0.890792 0.911578 0.913234 0.890198 0.905337 0.860308 0.856021 0.867751 0.852018 0.864764 0.882723 0.826987 0.763054 
0.858574 1.000000 0.762789 0.744456 0.888685 0.867498 0.928405 0.873558 0.956294 0.921875 0.963242 0.906493 0.883167 0.920742 0.924542 0.932006 0.879659 0.860175 0.900010 0.926698 0.887606 0.908432 0.860735 0.843084 0.856824 0.884996 0.901339 0.855180 0.889211 0.918102 0.847895 0.920009 0.845611 0.918586 0.856089 0.915326 0.905645 0.831892 0.928320 0.905456 0.902966 0.827665 0.887751 0.885860 0.911802 0.861173 0.927354 0.927419 0.854398 0.876796 0.946579 0.878623 0.895664 0.898855 0.864651 0.893658 0.920529 0.889166 0.956323 0.926432 0.841613 0.888686 0.840093 0.911437 0.875692 0.915393 0.876567 0.916601 0.910158 0.864720 0.942867 0.892141 0.908751 0.898874 0.919477 0.921716 0.894228 0.829027 0.898603 0.953109 0.946938 0.861658 0.957079 0.927808 0.946239 0.926451 0.895251 0.898218 0.875415 0.872391 0.892098 0.933691 0.959240 0.872110 0.929599 0.920002 0.894088 0.922329 0.857991 0.936985 0.904083 0.901857 0.907276 0.922732 0.919564 0.900017 0.860613 0.876108 0.887848 0.878555 0.906748 0.906951 0.926620 0.916503 0.916693 0.933058 0.929796 0.913927 0.897517 0.904510 0.905993 0.894923 0.912483 0.957500 0.952575 0.930064 0.927702 0.918991 0.921717 0.884489 0.897972 0.924143 0.920816 0.896334 0.910924 0.922758 0.864255 0.904247 0.891505 0.875084 0.908121 0.900506 0.881743 0.912447 0.902903 0.887287 0.874438 0.874168 0.838711 0.838122 
0.892930 0.762789 1.000000 0.931844 0.866559 0.864464 0.821846 0.837560 0.773060 0.824983 0.813932 0.840803 0.794424 0.795909 0.824199 0.826604 0.917762 0.916332 0.908199 0.771599 0.862399 0.867049 0.891254 0.914728 0.942397 0.898150 0.852263 0.926403 0.883216 0.855311 0.879922 0.895691 0.900086 0.866957 0.903083 0.852956 0.898069 0.948098 0.840033 0.889175 0.842025 0.914980 0.868337 0.867424 0.868485 0.922410 0.872844 0.832803 0.939382 0.896528 0.836492 0.885682 0.866858 0.928105 0.898368 0.871578 0.811644 0.845875 0.869976 0.840832 0.898894 0.920141 0.888209 0.848392 0.844440 0.814646 0.910490 0.877167 0.881676 0.921768 0.857352 0.815168 0.813040 0.846028 0.876001 0.860809 0.894265 0.944450 0.854949 0.832293 0.815652 0.920971 0.809308 0.895803 0.857603 0.872860 0.895479 0.828634 0.869328 0.880681 0.884273 0.880754 0.787143 0.854365 0.852858 0.863722 0.863937 0.862648 0.782440 0.861118 0.864674 0.925551 0.894850 0.880854 0.874661 0.821939 0.911571 0.929530 0.915268 0.915436 0.884250 0.877540 0.873212 0.869070 0.883795 0.868278 0.849167 0.892504 0.900104 0.880575 0.869744 0.885534 0.867897 0.838948 0.794603 0.862995 0.855154 0.849837 0.857999 0.904878 0.887297 0.857471 0.859237 0.891813 0.865895 0.893149 0.924454 0.858631 0.862634 0.874587 0.832228 0.876647 0.849369 0.827261 0.850876 0.820409 0.843115 0.839419 0.783946 0.679390 
0.909835 0.744456 0.931844 1.000000 0.890044 0.911055 0.858158 0.879558 0.782103 0.858106 0.803298 0.856261 0.824896 0.832111 0.852671 0.855863 0.890030 0.871962 0.907753 0.787584 0.873480 0.874593 0.898803 0.930006 0.923724 0.912639 0.879118 0.940898 0.894905 0.845235 0.884244 0.899030 0.932391 0.876623 0.894057 0.859205 0.896343 0.922021 0.838191 0.912695 0.888800 0.936004 0.890272 0.900130 0.875014 0.931586 0.888671 0.836125 0.913369 0.873697 0.836628 0.901634 0.906414 0.905038 0.899129 0.876841 0.815629 0.887218 0.857207 0.870318 0.906211 0.891408 0.921341 0.867145 0.864103 0.859752 0.913563 0.875662 0.892265 0.926749 0.845481 0.860913 0.852271 0.893121 0.885825 0.855403 0.877863 0.933802 0.886480 0.817115 0.824923 0.917200 0.803049 0.895362 0.854904 0.879383 0.907932 0.852869 0.895533 0.904950 0.876370 0.861872 0.778748 0.865592 0.825205 0.871816 0.867981 0.854601 0.825813 0.878974 0.883304 0.896414 0.862512 0.865853 0.879163 0.832516 0.904908 0.919274 0.887639 0.917750 0.907577 0.879634 0.855448 0.871394 0.898114 0.845160 0.865883 0.873219 0.885860 0.892895 0.899762 0.897391 0.894058 0.833867 0.797716 0.850490 0.869247 0.872968 0.870766 0.890634 0.881380 0.861974 0.849219 0.889710 0.874991 0.891273 0.931330 0.857124 0.891377 0.910684 0.861117 0.886233 0.862885 0.816652 0.852959 0.849244 0.860738 0.863879 0.813845 0.694935 
0.931101 0.888685 0.866559 0.890044 1.000000 0.928726 0.930528 0.905307 0.909365 0.924234 0.927503 0.903917 0.883312 0.919530 0.920026 0.932900 0.914924 0.867207 0.950643 0.863461 0.922938 0.930628 0.907929 0.900233 0.920574 0.922563 0.934496 0.923146 0.940051 0.910344 0.910329 0.929906 0.909388 0.937838 0.925513 0.912177 0.916939 0.911676 0.910950 0.937163 0.954815 0.902401 0.929930 0.930773 0.918059 0.923451 0.944300 0.912638 0.918182 0.896904 0.910449 0.943289 0.930255 0.927316 0.929323 0.912498 0.911774 0.926818 0.935945 0.928131 0.890115 0.900133 0.926188 0.920948 0.908098 0.917436 0.906583 0.922276 0.927064 0.924891 0.902984 0.914045 0.901322 0.918987 0.928611 0.915978 0.896364 0.896751 0.956176 0.919507 0.900657 0.902838 0.893769 0.932724 0.918489 0.921402 0.933837 0.894763 0.920224 0.905666 0.925634 0.924650 0.884277 0.889765 0.907299 0.920619 0.902495 0.925280 0.868880 0.932832 0.925153 0.920264 0.900626 0.940115 0.927599 0.895258 0.895257 0.900375 0.896180 0.909489 0.934349 0.914537 0.897893 0.918290 0.926169 0.904044 0.929167 0.920930 0.894516 0.909940 0.941037 0.914158 0.938892 0.906918 0.898372 0.911198 0.920517 0.918058 0.917620 0.886005 0.903684 0.904616 0.890703 0.911796 0.905494 0.918312 0.909281 0.886700 0.904702 0.906936 0.914577 0.884487 0.870886 0.882435 0.883131 0.876347 0.871707 0.871070 0.829641 0.780784 
0.915519 0.867498 0.864464 0.911055 0.928726 1.000000 0.938238 0.939575 0.882074 0.904731 0.906873 0.940111 0.939617 0.908741 0.912095 0.942395 0.907056 0.880205 0.953077 0.907791 0.947619 0.918550 0.927720 0.887270 0.908768 0.933139 0.946369 0.918704 0.930265 0.933326 0.941978 0.923370 0.948828 0.914352 0.892269 0.905854 0.918492 0.885274 0.928927 0.941025 0.956708 0.909473 0.951250 0.934485 0.946155 0.950195 0.931052 0.909975 0.905562 0.919604 0.901468 0.947447 0.941986 0.916275 0.925702 0.930145 0.902026 0.928914 0.938025 0.933690 0.941047 0.899475 0.899924 0.947425 0.925681 0.949482 0.892755 0.941337 0.948303 0.929831 0.899558 0.942576 0.929699 0.925078 0.924044 0.948623 0.894232 0.902052 0.942965 0.902062 0.906605 0.929421 0.908671 0.941831 0.930962 0.921792 0.924030 0.919120 0.913581 0.905655 0.931288 0.909085 0.870522 0.941092 0.892347 0.935858 0.903370 0.931801 0.920297 0.933676 0.939613 0.914607 0.897425 0.926143 0.934965 0.897192 0.911999 0.913662 0.893660 0.928861 0.934090 0.903700 0.888683 0.922021 0.947730 0.899978 0.948645 0.906111 0.923117 0.907394 0.953486 0.923242 0.949172 0.910242 0.875891 0.901523 0.936475 0.910518 0.918678 0.890221 0.910707 0.921319 0.900177 0.914902 0.930289 0.932973 0.927596 0.898482 0.924034 0.916544 0.917783 0.920221 0.909549 0.876383 0.895346 0.887144 0.877819 0.908653 0.837858 0.795288 
0.923999 0.928405 0.821846 0.858158 0.930528 0.938238 1.000000 0.940159 0.945201 0.951019 0.929776 0.943262 0.892925 0.949545 0.957356 0.955007 0.904388 0.889859 0.941015 0.916738 0.923730 0.923137 0.912992 0.912009 0.895066 0.928555 0.927770 0.921143 0.947295 0.937607 0.901769 0.949114 0.930134 0.959410 0.904928 0.942933 0.948094 0.881816 0.955180 0.945054 0.948622 0.913000 0.938878 0.938479 0.950151 0.927116 0.954333 0.945849 0.906734 0.919639 0.960097 0.944323 0.953666 0.948752 0.919319 0.939646 0.908042 0.938580 0.967843 0.964916 0.915248 0.924225 0.914956 0.949996 0.931084 0.971289 0.920221 0.951003 0.955176 0.924319 0.954677 0.921319 0.940400 0.951429 0.942989 0.937078 0.923127 0.905067 0.942830 0.952529 0.964664 0.916459 0.946353 0.946236 0.951975 0.953366 0.936941 0.919267 0.925173 0.921133 0.936188 0.932639 0.922082 0.919164 0.936187 0.939279 0.939000 0.938991 0.913254 0.957304 0.938695 0.924673 0.932302 0.938327 0.950825 0.922873 0.906660 0.910086 0.905965 0.937651 0.941907 0.932188 0.910568 0.942661 0.955549 0.942922 0.950363 0.931929 0.946324 0.934068 0.954864 0.921414 0.951030 0.954461 0.941471 0.933466 0.954615 0.933103 0.949639 0.921997 0.928179 0.940785 0.940177 0.927477 0.939454 0.934422 0.928400 0.928622 0.932147 0.916557 0.939166 0.928984 0.899025 0.906796 0.916773 0.902987 0.901786 0.904521 0.856367 0.825579 
0.924233 0.873558 0.837560 0.879558 0.905307 0.939575 0.940159 1.000000 0.881927 0.899522 0.898776 0.936205 0.885373 0.947009 0.937293 0.932984 0.913687 0.899922 0.947070 0.890745 0.942248 0.934180 0.892674 0.881766 0.891003 0.929702 0.913695 0.916510 0.927953 0.907826 0.925210 0.941818 0.941369 0.922276 0.904759 0.887034 0.952980 0.892089 0.930068 0.939202 0.948780 0.915335 0.922379 0.933089 0.932443 0.951108 0.934798 0.914862 0.911475 0.927311 0.925278 0.947887 0.942452 0.920582 0.928711 0.940549 0.892194 0.919864 0.934677 0.909889 0.917746 0.910220 0.897380 0.917987 0.919234 0.947740 0.885775 0.919417 0.953618 0.952915 0.901519 0.908543 0.921463 0.920988 0.939757 0.917736 0.919138 0.904661 0.940233 0.926031 0.909941 0.913828 0.916181 0.952066 0.939706 0.939241 0.939598 0.905552 0.924274 0.912167 0.898274 0.927692 0.878311 0.933616 0.880922 0.933809 0.898668 0.931349 0.900789 0.923296 0.938134 0.919281 0.904079 0.931626 0.933294 0.904660 0.918579 0.906443 0.899769 0.928029 0.946648 0.917740 0.919038 0.940935 0.954108 0.917687 0.937994 0.917449 0.949168 0.923547 0.948314 0.921053 0.952252 0.922152 0.904330 0.909012 0.943427 0.909708 0.933867 0.908700 0.926106 0.930932 0.903014 0.932069 0.936456 0.933262 0.929539 0.926970 0.932034 0.918502 0.909846 0.930305 0.904685 0.872687 0.896054 0.874087 0.875434 0.895095 0.851732 0.786383 
0.880249 0.956294 0.773060 0.782103 0.909365 0.882074 0.945201 0.881927 1.000000 0.918759 0.946820 0.939031 0.890183 0.923615 0.928826 0.940556 0.850286 0.868286 0.910119 0.929402 0.888746 0.911951 0.874483 0.857132 0.853484 0.885570 0.901241 0.865224 0.884113 0.926784 0.857627 0.922401 0.859085 0.917236 0.840257 0.920124 0.906681 0.832963 0.931678 0.891668 0.897166 0.826984 0.891273 0.889114 0.920947 0.877200 0.921633 0.931206 0.871698 0.880352 0.953921 0.896684 0.902078 0.896746 0.860569 0.898298 0.910577 0.891671 0.950787 0.926490 0.871566 0.900704 0.852072 0.905163 0.897658 0.938179 0.870326 0.918233 0.923154 0.865289 0.947622 0.886479 0.903242 0.908816 0.920896 0.916471 0.888773 0.838863 0.895801 0.945074 0.953439 0.846505 0.941237 0.911747 0.940255 0.922253 0.894788 0.890460 0.877929 0.875085 0.882646 0.921068 0.932737 0.883638 0.924604 0.903239 0.894054 0.914471 0.873033 0.932243 0.910040 0.894827 0.919053 0.917080 0.910189 0.910607 0.856981 0.873556 0.874345 0.889115 0.902867 0.884244 0.897590 0.908572 0.912424 0.932688 0.920334 0.888540 0.900601 0.897307 0.916240 0.882378 0.904615 0.940264 0.947925 0.908487 0.935947 0.903165 0.921124 0.871240 0.871576 0.903540 0.919240 0.888078 0.890852 0.902273 0.869009 0.871951 0.877352 0.862615 0.897289 0.876255 0.855100 0.887652 0.894315 0.867239 0.850969 0.864369 0.816223 0.797793 
0.928214 0.921875 0.824983 0.858106 0.924234 0.904731 0.951019 0.899522 0.918759 1.000000 0.927320 0.929918 0.867760 0.944780 0.953858 0.929967 0.880700 0.865346 0.914733 0.874518 0.899925 0.911632 0.891079 0.930849 0.906143 0.916409 0.899130 0.911631 0.918592 0.909817 0.854601 0.949441 0.892642 0.929948 0.902120 0.934844 0.937251 0.882438 0.938458 0.916480 0.923950 0.902513 0.909765 0.923026 0.938579 0.904682 0.946912 0.919356 0.879494 0.889605 0.940987 0.912703 0.923308 0.935140 0.902652 0.894008 0.866855 0.910634 0.942819 0.947611 0.876148 0.902828 0.922647 0.920520 0.890313 0.930461 0.928210 0.920896 0.926075 0.901841 0.942258 0.904934 0.899629 0.935662 0.929364 0.901397 0.912264 0.889731 0.915447 0.940420 0.941563 0.899155 0.925577 0.918994 0.932690 0.926916 0.923353 0.895087 0.896370 0.908315 0.897690 0.931800 0.920593 0.861745 0.927233 0.928780 0.921808 0.906568 0.859747 0.940447 0.919565 0.913051 0.899242 0.903621 0.946008 0.881615 0.883161 0.901302 0.907273 0.914728 0.934115 0.925895 0.900424 0.925347 0.938537 0.920673 0.929168 0.926662 0.909358 0.923703 0.935748 0.922046 0.947379 0.946616 0.924082 0.935523 0.925744 0.937148 0.918696 0.910964 0.925162 0.929877 0.917780 0.925703 0.927187 0.931290 0.915954 0.920890 0.935543 0.929512 0.940527 0.924431 0.901863 0.907244 0.914422 0.912063 0.890423 0.903020 0.858768 0.819098 
0.897387 0.963242 0.813932 0.803298 0.927503 0.906873 0.929776 0.898776 0.946820 0.927320 1.000000 0.918848 0.917928 0.937136 0.930587 0.946895 0.901411 0.883165 0.927399 0.930181 0.912350 0.923166 0.887262 0.873970 0.890473 0.923842 0.938271 0.882150 0.922272 0.929675 0.894540 0.932267 0.885211 0.932437 0.886576 0.928489 0.918384 0.855607 0.930139 0.918420 0.930386 0.854057 0.922991 0.916141 0.929486 0.903701 0.938909 0.948135 0.894201 0.897954 0.948202 0.905947 0.907601 0.924627 0.903048 0.916619 0.948174 0.909291 0.957405 0.940942 0.886683 0.909118 0.876489 0.933793 0.905463 0.926463 0.890406 0.928184 0.933261 0.897892 0.944930 0.936449 0.918937 0.917107 0.939156 0.941176 0.896532 0.864405 0.927421 0.959232 0.942125 0.887000 0.946069 0.949275 0.957633 0.930417 0.915871 0.914590 0.897932 0.895858 0.915441 0.950232 0.950784 0.890810 0.931369 0.941054 0.895771 0.940245 0.877544 0.944388 0.930902 0.928490 0.923472 0.940666 0.944948 0.907043 0.898928 0.908166 0.909168 0.902283 0.934525 0.922518 0.935222 0.936666 0.935827 0.940228 0.946904 0.933941 0.918023 0.926180 0.937243 0.927649 0.945899 0.956034 0.950743 0.943420 0.947839 0.943703 0.938413 0.905787 0.915516 0.937903 0.921978 0.930847 0.940809 0.939903 0.900331 0.919040 0.924851 0.910294 0.930127 0.917844 0.913986 0.933901 0.929237 0.897180 0.908389 0.884490 0.856469 0.844006 
0.921052 0.906493 0.840803 0.856261 0.903917 0.940111 0.943262 0.936205 0.939031 0.929918 0.918848 1.000000 0.913019 0.929131 0.933376 0.942805 0.876547 0.906667 0.938054 0.902998 0.916729 0.911235 0.890406 0.888613 0.887930 0.910808 0.910320 0.906199 0.895478 0.930737 0.901993 0.933556 0.917431 0.908548 0.869905 0.914692 0.936412 0.875160 0.941672 0.904204 0.914686 0.875218 0.913856 0.907809 0.947304 0.937288 0.940434 0.919995 0.901719 0.913335 0.932499 0.917605 0.915982 0.923792 0.896222 0.896150 0.879571 0.873866 0.949079 0.920768 0.917029 0.908949 0.877445 0.903198 0.901147 0.936667 0.879553 0.921208 0.940396 0.905577 0.926732 0.888183 0.894087 0.911208 0.941776 0.930620 0.907133 0.886721 0.894484 0.929969 0.942754 0.889113 0.926484 0.926982 0.945253 0.924976 0.908580 0.898599 0.883839 0.872828 0.888842 0.936822 0.888110 0.919705 0.906170 0.926441 0.900617 0.913353 0.880732 0.919783 0.928032 0.913087 0.907836 0.914856 0.930101 0.897515 0.885702 0.900383 0.894888 0.919139 0.922258 0.895109 0.907117 0.921633 0.947075 0.929256 0.933901 0.898336 0.936641 0.907449 0.929679 0.901564 0.930939 0.938030 0.912302 0.916118 0.938242 0.900526 0.914182 0.882582 0.903878 0.918006 0.901898 0.912834 0.931366 0.929771 0.920630 0.893330 0.918074 0.895515 0.911703 0.912830 0.883342 0.883567 0.906236 0.875798 0.859880 0.902530 0.821542 0.786308 
0.863496 0.883167 0.794424 0.824896 0.883312 0.939617 0.892925 0.885373 0.890183 0.867760 0.917928 0.913019 1.000000 0.877252 0.862018 0.931718 0.869102 0.866241 0.909807 0.962526 0.902626 0.887779 0.915047 0.815201 0.864568 0.902760 0.933092 0.855699 0.894144 0.927427 0.924065 0.890644 0.876479 0.893408 0.832001 0.876636 0.867097 0.820346 0.899800 0.891997 0.927566 0.822811 0.923462 0.875310 0.932636 0.892580 0.898174 0.894669 0.844854 0.895452 0.899170 0.896674 0.907898 0.867334 0.881354 0.912287 0.890389 0.879650 0.923860 0.896607 0.927464 0.863576 0.834811 0.917735 0.911747 0.913468 0.830071 0.930405 0.917124 0.867586 0.887880 0.946184 0.917514 0.881298 0.893663 0.949087 0.835408 0.822027 0.910017 0.881128 0.885400 0.875934 0.912787 0.915786 0.913152 0.893128 0.884047 0.917610 0.854512 0.860223 0.892400 0.899803 0.891430 0.940474 0.858293 0.910425 0.857976 0.937288 0.926636 0.894566 0.923519 0.867595 0.870847 0.880725 0.898250 0.892737 0.862769 0.870215 0.837084 0.898780 0.897509 0.848969 0.859769 0.890256 0.887449 0.864999 0.912919 0.856545 0.880172 0.859457 0.915328 0.884780 0.916033 0.893277 0.861653 0.855217 0.911436 0.885182 0.894096 0.845036 0.849299 0.877499 0.871709 0.859566 0.887001 0.893582 0.858462 0.849122 0.876897 0.849572 0.846974 0.874595 0.876600 0.844024 0.852936 0.821956 0.826406 0.868797 0.786323 0.783757 
0.918943 0.920742 0.795909 0.832111 0.919530 0.908741 0.949545 0.947009 0.923615 0.944780 0.937136 0.929131 0.877252 1.000000 0.953443 0.928298 0.885321 0.867929 0.928681 0.888590 0.910901 0.923913 0.861346 0.889355 0.883165 0.919427 0.913948 0.894479 0.943050 0.908153 0.886948 0.931552 0.889775 0.948901 0.885336 0.894690 0.949790 0.878242 0.943021 0.918856 0.935707 0.896031 0.916336 0.907700 0.928820 0.917677 0.953424 0.922545 0.879485 0.885185 0.939048 0.918273 0.932874 0.926205 0.922044 0.924967 0.886604 0.918689 0.941099 0.943672 0.882093 0.905645 0.925769 0.916680 0.886743 0.940969 0.900066 0.922246 0.929992 0.914497 0.926571 0.907933 0.903174 0.939529 0.926907 0.907906 0.917549 0.878602 0.925411 0.941371 0.923062 0.888751 0.941060 0.936646 0.945376 0.926130 0.931044 0.899151 0.916280 0.899867 0.891234 0.931802 0.902303 0.886318 0.912762 0.939572 0.906934 0.915542 0.869774 0.945561 0.929887 0.924097 0.908193 0.930845 0.935544 0.902669 0.884299 0.901797 0.904593 0.911144 0.934992 0.924662 0.917120 0.945693 0.943355 0.925669 0.928192 0.933679 0.918653 0.921406 0.940561 0.928157 0.946459 0.946511 0.929774 0.921902 0.941664 0.926754 0.931173 0.904684 0.927660 0.920598 0.909597 0.919495 0.928624 0.937821 0.909189 0.921544 0.921092 0.904263 0.926476 0.912821 0.897543 0.894343 0.908214 0.888266 0.878002 0.885464 0.836183 0.802817 
0.899598 0.924542 0.824199 0.852671 0.920026 0.912095 0.957356 0.937293 0.928826 0.953858 0.930587 0.933376 0.862018 0.953443 1.000000 0.948542 0.901447 0.864169 0.926655 0.883398 0.921599 0.938524 0.878363 0.897088 0.895457 0.906712 0.909243 0.911667 0.923602 0.901997 0.874030 0.958580 0.904301 0.937575 0.887406 0.907667 0.957563 0.903564 0.942177 0.936246 0.934717 0.912284 0.914651 0.912477 0.923463 0.927402 0.944755 0.913153 0.885901 0.919507 0.945219 0.933593 0.922055 0.936259 0.904678 0.928978 0.904874 0.941487 0.947838 0.952659 0.887812 0.922858 0.937017 0.920037 0.877244 0.950856 0.923520 0.934452 0.945646 0.932998 0.939696 0.906935 0.918006 0.936093 0.949224 0.903864 0.943504 0.895283 0.929478 0.954756 0.947485 0.911302 0.946925 0.950752 0.955134 0.954800 0.946557 0.902568 0.936334 0.930085 0.899783 0.936871 0.923666 0.889500 0.944224 0.943884 0.940050 0.921247 0.872313 0.966096 0.933326 0.932432 0.911858 0.933402 0.953511 0.902186 0.904357 0.913719 0.931422 0.918532 0.954189 0.940579 0.941727 0.956699 0.967957 0.956431 0.946417 0.947166 0.935473 0.950581 0.947743 0.936455 0.956360 0.955226 0.951243 0.951581 0.957635 0.939298 0.947916 0.923130 0.948211 0.939529 0.932814 0.945767 0.939066 0.942749 0.933967 0.946927 0.934459 0.917791 0.944591 0.933955 0.907561 0.907668 0.927830 0.909556 0.901284 0.892758 0.862745 0.828414 
0.903465 0.932006 0.826604 0.855863 0.932900 0.942395 0.955007 0.932984 0.940556 0.929967 0.946895 0.942805 0.931718 0.928298 0.948542 1.000000 0.908351 0.889657 0.937185 0.939794 0.936324 0.933562 0.935058 0.898172 0.893943 0.947043 0.958350 0.920583 0.921496 0.955834 0.923118 0.958691 0.929817 0.945993 0.900930 0.939022 0.928165 0.883825 0.940928 0.938158 0.951152 0.891149 0.960343 0.941732 0.951348 0.941338 0.944405 0.946020 0.906549 0.944097 0.945213 0.949937 0.933889 0.922435 0.928357 0.934194 0.947464 0.949247 0.955963 0.951137 0.930500 0.926280 0.901969 0.950790 0.949068 0.955111 0.917013 0.945296 0.952688 0.922988 0.938211 0.949290 0.962269 0.933582 0.971385 0.955940 0.921331 0.897250 0.952137 0.954063 0.952128 0.923570 0.942871 0.956290 0.958743 0.949047 0.942411 0.958917 0.935978 0.934132 0.927833 0.947643 0.934866 0.937990 0.928684 0.946693 0.943741 0.954376 0.929413 0.958615 0.953863 0.936094 0.925331 0.942320 0.949244 0.940247 0.923826 0.918771 0.907708 0.935529 0.946529 0.937046 0.933490 0.943694 0.946827 0.946303 0.958087 0.929482 0.935513 0.941312 0.968070 0.938794 0.964516 0.951018 0.953240 0.943852 0.965411 0.955596 0.956585 0.912826 0.927292 0.937123 0.939875 0.939659 0.945525 0.939816 0.930550 0.930210 0.939648 0.921285 0.927622 0.939470 0.916789 0.915599 0.922161 0.902438 0.898676 0.912914 0.863526 0.823391 
0.919911 0.879659 0.917762 0.890030 0.914924 0.907056 0.904388 0.913687 0.850286 0.880700 0.901411 0.876547 0.869102 0.885321 0.901447 0.908351 1.000000 0.942995 0.946767 0.868691 0.914167 0.919760 0.942676 0.915781 0.958370 0.944367 0.934846 0.961987 0.931528 0.922013 0.935528 0.936072 0.945190 0.935809 0.945587 0.911153 0.945720 0.950242 0.917506 0.971417 0.927012 0.951154 0.931207 0.931029 0.931153 0.943916 0.926955 0.912970 0.948418 0.952719 0.912073 0.941587 0.933801 0.949991 0.931513 0.947747 0.906787 0.922935 0.947462 0.907745 0.925753 0.942808 0.913829 0.921778 0.897630 0.899164 0.936075 0.934402 0.947104 0.956830 0.914911 0.901279 0.912887 0.916094 0.935905 0.928914 0.942753 0.946305 0.940038 0.926914 0.892474 0.959627 0.901920 0.963985 0.923465 0.951671 0.958971 0.931594 0.943529 0.936924 0.932304 0.937349 0.868962 0.923458 0.907663 0.929023 0.917755 0.942545 0.872923 0.936052 0.932837 0.958649 0.939007 0.950495 0.932408 0.911015 0.957500 0.950558 0.942856 0.945617 0.939635 0.946801 0.946112 0.942185 0.936369 0.934789 0.926168 0.945042 0.948719 0.938230 0.932023 0.927430 0.930239 0.917537 0.884404 0.928084 0.933441 0.921792 0.930634 0.940777 0.943309 0.927873 0.935071 0.934550 0.918526 0.939476 0.941215 0.941662 0.918242 0.913007 0.896765 0.930092 0.901321 0.890510 0.907710 0.878412 0.895524 0.903096 0.853032 0.789318 
0.925788 0.860175 0.916332 0.871962 0.867207 0.880205 0.889859 0.899922 0.868286 0.865346 0.883165 0.906667 0.866241 0.867929 0.864169 0.889657 0.942995 1.000000 0.935056 0.881290 0.875320 0.895580 0.927978 0.915329 0.932310 0.937082 0.899429 0.941114 0.895619 0.915921 0.924536 0.926616 0.929176 0.913997 0.916426 0.921337 0.941378 0.920733 0.910778 0.922875 0.886983 0.906680 0.908307 0.910565 0.940700 0.928045 0.925699 0.928947 0.944575 0.941548 0.926912 0.910886 0.924953 0.948539 0.919424 0.921012 0.880997 0.864883 0.936881 0.874733 0.940411 0.950669 0.863639 0.904711 0.909271 0.886852 0.917187 0.911886 0.937918 0.931950 0.930090 0.858923 0.887760 0.897481 0.922969 0.929962 0.917075 0.940866 0.887468 0.918977 0.904391 0.917782 0.892788 0.938815 0.918275 0.938221 0.930606 0.911508 0.896512 0.901118 0.909785 0.939624 0.857027 0.924297 0.899769 0.920540 0.894590 0.920763 0.870857 0.899557 0.922489 0.935783 0.956144 0.920108 0.918812 0.912281 0.940199 0.950042 0.915483 0.951475 0.916942 0.903296 0.926838 0.929123 0.910246 0.930926 0.895360 0.906340 0.963927 0.914182 0.914107 0.904267 0.906784 0.912478 0.877917 0.900679 0.923069 0.890250 0.914354 0.932679 0.909498 0.907883 0.928055 0.907758 0.910724 0.923829 0.928600 0.899857 0.897625 0.886773 0.860169 0.915555 0.885209 0.874958 0.890942 0.843252 0.874621 0.880910 0.825695 0.748341 
0.950561 0.900010 0.908199 0.907753 0.950643 0.953077 0.941015 0.947070 0.910119 0.914733 0.927399 0.938054 0.909807 0.928681 0.926655 0.937185 0.946767 0.935056 1.000000 0.911286 0.955333 0.959752 0.942862 0.914876 0.936890 0.955652 0.951677 0.944088 0.944327 0.955659 0.953514 0.955073 0.949467 0.946285 0.937667 0.937079 0.952448 0.942516 0.937347 0.964098 0.965198 0.928795 0.961606 0.934418 0.956290 0.959130 0.959576 0.932099 0.952414 0.935760 0.944875 0.972729 0.965445 0.960251 0.966420 0.956129 0.929168 0.937868 0.964795 0.934437 0.936179 0.955000 0.922333 0.947728 0.938973 0.951222 0.933100 0.960574 0.966550 0.960498 0.927181 0.934290 0.940603 0.950877 0.951827 0.956418 0.934075 0.938045 0.957141 0.943147 0.932241 0.947333 0.941553 0.968759 0.953013 0.956500 0.957327 0.923803 0.946593 0.942040 0.957015 0.958466 0.895782 0.953878 0.941058 0.952437 0.937067 0.961513 0.919638 0.955460 0.954836 0.960794 0.953957 0.967618 0.944252 0.935001 0.950473 0.948650 0.936320 0.953158 0.969337 0.934474 0.937198 0.961418 0.961024 0.941043 0.950469 0.950002 0.953251 0.936947 0.959703 0.942244 0.960198 0.940697 0.917684 0.933857 0.957200 0.931639 0.949952 0.940558 0.934739 0.941565 0.936608 0.940906 0.943514 0.961705 0.952796 0.928678 0.933574 0.931608 0.930107 0.932092 0.916478 0.893339 0.904608 0.886096 0.896802 0.909282 0.857344 0.793477 
0.857412 0.926698 0.771599 0.787584 0.863461 0.907791 0.916738 0.890745 0.929402 0.874518 0.930181 0.902998 0.962526 0.888590 0.883398 0.939794 0.868691 0.881290 0.911286 1.000000 0.908700 0.906610 0.912387 0.817408 0.846034 0.907368 0.927326 0.852046 0.885578 0.948659 0.912054 0.914430 0.873672 0.906645 0.830591 0.910962 0.883935 0.812833 0.912415 0.904363 0.926073 0.819137 0.927469 0.883587 0.938367 0.883787 0.905297 0.926961 0.861661 0.900216 0.939437 0.896637 0.923057 0.877067 0.882127 0.935232 0.920899 0.895659 0.942468 0.909309 0.915910 0.893881 0.822834 0.931549 0.926478 0.930979 0.852005 0.948272 0.933737 0.871532 0.923166 0.940410 0.942800 0.901195 0.914746 0.960402 0.855480 0.831864 0.920225 0.925010 0.925234 0.876042 0.949531 0.927564 0.939446 0.921837 0.892169 0.926664 0.870045 0.885769 0.908404 0.916431 0.933851 0.942206 0.889651 0.911614 0.874717 0.953006 0.939129 0.920440 0.921162 0.886119 0.909172 0.903674 0.910594 0.926954 0.876428 0.875903 0.849687 0.912504 0.910832 0.864353 0.889954 0.906248 0.894420 0.900659 0.919859 0.873216 0.901164 0.879735 0.925562 0.886594 0.915141 0.925870 0.910986 0.873172 0.933303 0.899904 0.917403 0.874339 0.858619 0.901604 0.917068 0.870734 0.901240 0.899202 0.859772 0.878580 0.879257 0.854389 0.861862 0.892292 0.885258 0.861717 0.865144 0.830226 0.844772 0.865353 0.816412 0.801578 
0.908076 0.887606 0.862399 0.873480 0.922938 0.947619 0.923730 0.942248 0.888746 0.899925 0.912350 0.916729 0.902626 0.910901 0.921599 0.936324 0.914167 0.875320 0.955333 0.908700 1.000000 0.964775 0.916459 0.871328 0.913326 0.930590 0.939614 0.901746 0.930714 0.942082 0.925758 0.944567 0.916906 0.910726 0.904017 0.901505 0.928244 0.897866 0.929719 0.944943 0.947225 0.908690 0.939400 0.928384 0.935125 0.940714 0.915711 0.916262 0.922202 0.926985 0.915877 0.949963 0.938654 0.925984 0.933419 0.945553 0.911633 0.932043 0.945256 0.921635 0.909907 0.913967 0.888540 0.927792 0.918826 0.931823 0.896742 0.946609 0.945784 0.940154 0.910757 0.933330 0.919137 0.912612 0.937321 0.934498 0.917547 0.896503 0.955020 0.926145 0.914224 0.926218 0.931618 0.956223 0.937398 0.938497 0.941976 0.903181 0.922004 0.926826 0.935766 0.925494 0.915184 0.942545 0.916355 0.941797 0.917872 0.961433 0.911117 0.935733 0.930575 0.933531 0.911003 0.945674 0.942464 0.909844 0.918477 0.911391 0.914090 0.924477 0.955287 0.924364 0.917890 0.930054 0.953238 0.916860 0.953089 0.933577 0.924131 0.917747 0.951426 0.931716 0.943595 0.928823 0.914577 0.913320 0.941444 0.919846 0.935334 0.911717 0.921039 0.934576 0.913241 0.932256 0.937040 0.941719 0.923366 0.915997 0.919659 0.919098 0.925841 0.921527 0.908316 0.877406 0.889982 0.884227 0.871105 0.900100 0.852653 0.779224 
0.919933 0.908432 0.867049 0.874593 0.930628 0.918550 0.923137 0.934180 0.911951 0.911632 0.923166 0.911235 0.887779 0.923913 0.938524 0.933562 0.919760 0.895580 0.959752 0.906610 0.964775 1.000000 0.908585 0.891049 0.917173 0.926331 0.932880 0.916780 0.921328 0.933103 0.916124 0.961784 0.902347 0.925912 0.917266 0.917148 0.949076 0.924242 0.941156 0.949960 0.939533 0.913726 0.928571 0.928228 0.934042 0.926023 0.940639 0.931734 0.924862 0.928844 0.945289 0.953516 0.940121 0.946734 0.936977 0.946899 0.929516 0.938812 0.948220 0.937347 0.906359 0.946906 0.918729 0.929770 0.913118 0.939703 0.915444 0.946593 0.946669 0.946664 0.926514 0.933214 0.918632 0.941959 0.945244 0.929077 0.935078 0.899978 0.959284 0.941539 0.930357 0.928831 0.948197 0.964379 0.942779 0.956463 0.958292 0.906463 0.931794 0.950427 0.930762 0.944050 0.927132 0.926651 0.945002 0.952179 0.934172 0.959564 0.903283 0.952686 0.946911 0.938839 0.937970 0.950325 0.947125 0.922678 0.926483 0.932635 0.939939 0.926579 0.965521 0.931775 0.944323 0.955181 0.953322 0.938444 0.942821 0.945975 0.936455 0.945193 0.950676 0.935427 0.947740 0.943208 0.937826 0.933029 0.949767 0.934798 0.958646 0.940354 0.921593 0.938362 0.931577 0.934429 0.931271 0.952725 0.925136 0.920704 0.919424 0.908446 0.913302 0.924933 0.898994 0.880738 0.895012 0.871722 0.890459 0.883784 0.857673 0.778852 
0.927434 0.860735 0.891254 0.898803 0.907929 0.927720 0.912992 0.892674 0.874483 0.891079 0.887262 0.890406 0.915047 0.861346 0.878363 0.935058 0.942676 0.927978 0.942862 0.912387 0.916459 0.908585 1.000000 0.919187 0.933772 0.953747 0.954013 0.942092 0.909002 0.953205 0.953567 0.937338 0.947806 0.927792 0.931160 0.941689 0.917006 0.920916 0.920510 0.952055 0.926212 0.912032 0.957358 0.931802 0.959819 0.939449 0.920728 0.921757 0.937055 0.950049 0.917445 0.953791 0.941998 0.926584 0.934875 0.943454 0.905376 0.931052 0.938693 0.906856 0.951923 0.943495 0.888288 0.945858 0.951230 0.927527 0.934263 0.949759 0.957924 0.920767 0.921565 0.929511 0.950273 0.931682 0.932059 0.951582 0.908400 0.932320 0.937426 0.911990 0.908485 0.947159 0.905256 0.938211 0.905294 0.942114 0.945730 0.957895 0.934214 0.947536 0.940391 0.926566 0.878067 0.954297 0.905390 0.922595 0.927813 0.950073 0.941597 0.922166 0.946038 0.933045 0.935441 0.928110 0.930203 0.941130 0.946998 0.938064 0.901214 0.960120 0.937904 0.914484 0.904086 0.918945 0.911776 0.914160 0.925992 0.906193 0.929988 0.914503 0.941743 0.916190 0.931551 0.908652 0.882742 0.903021 0.930890 0.924129 0.929034 0.927763 0.897463 0.907811 0.937689 0.906562 0.901092 0.926202 0.925122 0.906294 0.910997 0.902247 0.876347 0.919555 0.887062 0.864292 0.875658 0.858204 0.866352 0.900527 0.841929 0.777487 
0.945733 0.843084 0.914728 0.930006 0.900233 0.887270 0.912009 0.881766 0.857132 0.930849 0.873970 0.888613 0.815201 0.889355 0.897088 0.898172 0.915781 0.915329 0.914876 0.817408 0.871328 0.891049 0.919187 1.000000 0.940649 0.953304 0.898900 0.967266 0.907084 0.900386 0.886093 0.936631 0.942492 0.935952 0.949464 0.938187 0.938089 0.927261 0.912738 0.927841 0.881325 0.939956 0.917079 0.946853 0.921946 0.932741 0.929633 0.918304 0.939408 0.912585 0.904996 0.916061 0.910937 0.956213 0.927780 0.889531 0.866242 0.909948 0.907137 0.927317 0.909149 0.940795 0.928122 0.909481 0.905022 0.895210 0.967513 0.898860 0.929561 0.927581 0.923548 0.878664 0.884314 0.938272 0.935091 0.890547 0.933887 0.961721 0.903731 0.904557 0.909485 0.943781 0.867327 0.915080 0.904811 0.922166 0.942818 0.905479 0.915644 0.938218 0.911127 0.918878 0.845079 0.869371 0.900262 0.915758 0.925759 0.890835 0.842605 0.916728 0.924812 0.942851 0.932831 0.903430 0.935828 0.887637 0.938110 0.952617 0.937737 0.945038 0.927842 0.943057 0.908413 0.922164 0.926224 0.917740 0.894764 0.922284 0.936428 0.946927 0.932645 0.923988 0.921434 0.911971 0.893872 0.928639 0.911959 0.934752 0.922236 0.943858 0.927197 0.921230 0.922114 0.935635 0.917536 0.937542 0.954734 0.918976 0.935578 0.936400 0.904786 0.939841 0.899599 0.897874 0.913322 0.897789 0.910046 0.905882 0.857074 0.766964 
0.920350 0.856824 0.942397 0.923724 0.920574 0.908768 0.895066 0.891003 0.853484 0.906143 0.890473 0.887930 0.864568 0.883165 0.895457 0.893943 0.958370 0.932310 0.936890 0.846034 0.913326 0.917173 0.933772 0.940649 1.000000 0.938092 0.916226 0.954923 0.941350 0.900137 0.908104 0.943769 0.933066 0.926256 0.938400 0.905341 0.941476 0.947735 0.916543 0.946930 0.903006 0.947823 0.918747 0.924297 0.931453 0.939617 0.930608 0.899299 0.945442 0.938149 0.913964 0.929654 0.931394 0.959654 0.925142 0.927415 0.873108 0.914160 0.936514 0.909965 0.922037 0.933630 0.928467 0.927288 0.892116 0.888881 0.941575 0.920915 0.937891 0.947286 0.931056 0.883289 0.884490 0.911659 0.923656 0.911334 0.945609 0.942679 0.917132 0.903299 0.888664 0.951049 0.885510 0.944580 0.917542 0.936403 0.962890 0.912134 0.924578 0.935634 0.919617 0.933608 0.871272 0.903893 0.910807 0.931414 0.919643 0.926459 0.859936 0.929522 0.934019 0.947163 0.931432 0.920519 0.932627 0.887639 0.947119 0.957104 0.958345 0.945928 0.939371 0.951783 0.921069 0.932111 0.943530 0.920961 0.928277 0.940310 0.942726 0.941452 0.936892 0.947966 0.926790 0.921174 0.878312 0.930821 0.932295 0.927784 0.922052 0.942082 0.946812 0.933648 0.923635 0.938734 0.924286 0.943484 0.950300 0.922823 0.927676 0.926953 0.912192 0.933736 0.921188 0.908800 0.923386 0.904749 0.902299 0.916289 0.850272 0.773429 
0.940359 0.884996 0.898150 0.912639 0.922563 0.933139 0.928555 0.929702 0.885570 0.916409 0.923842 0.910808 0.902760 0.919427 0.906712 0.947043 0.944367 0.937082 0.955652 0.907368 0.930590 0.926331 0.953747 0.953304 0.938092 1.000000 0.963373 0.954991 0.938105 0.946783 0.958913 0.951264 0.960662 0.952597 0.951808 0.951292 0.943097 0.916710 0.933616 0.959731 0.936433 0.933872 0.974127 0.958954 0.949568 0.959118 0.942898 0.944246 0.948896 0.939877 0.933399 0.951316 0.947432 0.952956 0.966115 0.942212 0.928387 0.943001 0.938114 0.944059 0.952951 0.949763 0.915305 0.947106 0.953462 0.926921 0.955819 0.940562 0.959406 0.946631 0.934497 0.939398 0.941164 0.949937 0.966454 0.943630 0.931594 0.950449 0.951583 0.934569 0.926993 0.959813 0.918472 0.954979 0.942460 0.948544 0.960203 0.956521 0.944271 0.956456 0.949300 0.943957 0.892101 0.941533 0.909225 0.951861 0.930633 0.951858 0.909348 0.941316 0.957177 0.966596 0.947634 0.942796 0.954308 0.938419 0.969467 0.963350 0.939199 0.966717 0.961970 0.954311 0.942836 0.950678 0.943362 0.933934 0.933574 0.940304 0.954898 0.958247 0.966054 0.953217 0.957853 0.937831 0.921080 0.941068 0.950073 0.960088 0.953357 0.947158 0.938978 0.948935 0.941650 0.951039 0.950253 0.957788 0.958888 0.939532 0.955729 0.946726 0.918330 0.956205 0.936475 0.910954 0.919753 0.900724 0.918950 0.921723 0.872942 0.793951 
0.921773 0.901339 0.852263 0.879118 0.934496 0.946369 0.927770 0.913695 0.901241 0.899130 0.938271 0.910320 0.933092 0.913948 0.909243 0.958350 0.934846 0.899429 0.951677 0.927326 0.939614 0.932880 0.954013 0.898900 0.916226 0.963373 1.000000 0.932507 0.933267 0.953010 0.967684 0.934207 0.938904 0.942406 0.927365 0.932892 0.919051 0.906471 0.921145 0.953819 0.949738 0.899137 0.979060 0.940215 0.953519 0.950602 0.949114 0.943539 0.928282 0.929713 0.915987 0.939593 0.933931 0.926736 0.949730 0.943538 0.941348 0.945315 0.942571 0.943393 0.948214 0.931282 0.914348 0.948390 0.933006 0.938757 0.923782 0.946749 0.949047 0.912578 0.915426 0.963233 0.955192 0.934584 0.953457 0.951532 0.908732 0.918917 0.959973 0.929285 0.911532 0.945638 0.921754 0.954656 0.927276 0.943756 0.949077 0.960303 0.957254 0.939505 0.942863 0.931784 0.897765 0.950190 0.912398 0.939541 0.923724 0.955952 0.936716 0.947200 0.953498 0.944271 0.930469 0.955969 0.945720 0.965253 0.939416 0.947527 0.906634 0.952342 0.954489 0.931485 0.937980 0.932629 0.933711 0.926511 0.950750 0.927936 0.926264 0.931631 0.959285 0.931157 0.951492 0.931498 0.915396 0.920741 0.950244 0.947140 0.947164 0.923433 0.912486 0.916028 0.928878 0.914092 0.930677 0.945803 0.929121 0.920801 0.927031 0.911825 0.906728 0.922340 0.901426 0.883590 0.897976 0.880529 0.885467 0.901880 0.852206 0.798780 
0.951895 0.855180 0.926403 0.940898 0.923146 0.918704 0.921143 0.916510 0.865224 0.911631 0.882150 0.906199 0.855699 0.894479 0.911667 0.920583 0.961987 0.941114 0.944088 0.852046 0.901746 0.916780 0.942092 0.967266 0.954923 0.954991 0.932507 1.000000 0.923441 0.927644 0.921609 0.946693 0.968042 0.945502 0.954282 0.931041 0.959695 0.959871 0.922757 0.961690 0.920112 0.965090 0.938027 0.961713 0.935525 0.959247 0.945999 0.933429 0.962928 0.949040 0.907752 0.937660 0.937185 0.954804 0.937011 0.927750 0.895751 0.922139 0.938135 0.926655 0.937263 0.949112 0.946045 0.913934 0.914880 0.909946 0.959794 0.924481 0.949119 0.944746 0.918733 0.901344 0.905925 0.939520 0.951307 0.919297 0.947947 0.971907 0.938579 0.915926 0.911870 0.962887 0.878169 0.947378 0.912552 0.952653 0.962634 0.928072 0.940400 0.944652 0.918997 0.929302 0.841314 0.915412 0.902169 0.919001 0.929498 0.917535 0.868262 0.938616 0.936773 0.950171 0.943037 0.932072 0.939515 0.914698 0.947157 0.960239 0.934834 0.955688 0.937212 0.938024 0.933435 0.935630 0.933677 0.932232 0.907751 0.926613 0.949290 0.948448 0.941170 0.925651 0.929492 0.910670 0.888654 0.920664 0.928426 0.925594 0.926834 0.938087 0.931919 0.917327 0.928478 0.926664 0.916562 0.937114 0.950635 0.921490 0.925150 0.923303 0.897811 0.935466 0.889226 0.880195 0.906630 0.884331 0.893944 0.910482 0.844641 0.777268 
0.915894 0.889211 0.883216 0.894905 0.940051 0.930265 0.947295 0.927953 0.884113 0.918592 0.922272 0.895478 0.894144 0.943050 0.923602 0.921496 0.931528 0.895619 0.944327 0.885578 0.930714 0.921328 0.909002 0.907084 0.941350 0.938105 0.933267 0.923441 1.000000 0.911011 0.912298 0.941621 0.915654 0.961327 0.912201 0.898745 0.945281 0.920366 0.925425 0.948289 0.948608 0.940338 0.935311 0.917687 0.932524 0.938872 0.946532 0.914211 0.919136 0.909040 0.927739 0.934439 0.954272 0.950912 0.939686 0.950266 0.886899 0.942657 0.949926 0.940840 0.917555 0.921597 0.937051 0.940919 0.910436 0.926531 0.923641 0.943512 0.932687 0.947785 0.936437 0.924189 0.911073 0.928849 0.925278 0.925942 0.929794 0.918781 0.948183 0.918563 0.905273 0.932277 0.919214 0.959007 0.937367 0.937197 0.948152 0.903533 0.936510 0.921498 0.938810 0.926029 0.900412 0.905194 0.914325 0.943234 0.928580 0.938754 0.883267 0.947135 0.933634 0.942340 0.917994 0.946703 0.938212 0.897652 0.919924 0.932478 0.927582 0.947598 0.945491 0.945011 0.916231 0.941518 0.947436 0.925163 0.942967 0.955129 0.932601 0.930493 0.949257 0.952716 0.955549 0.933955 0.900767 0.918951 0.940059 0.932276 0.940267 0.932550 0.948113 0.929152 0.913438 0.936398 0.939423 0.943273 0.939004 0.928634 0.934491 0.925957 0.928470 0.922313 0.921000 0.909488 0.914904 0.904716 0.906286 0.904838 0.852993 0.796141 
