150
1.000000 0.996602 0.996824 0.996363 0.996483 0.996516 0.996264 0.996436 0.996376 0.996758 0.996817 0.996886 0.996165 0.996112 0.996801 0.989503 0.993395 0.987189 0.963711 0.971064 0.989235 0.948607 0.937672 0.963106 0.890825 0.936745 0.915717 0.938999 0.919271 0.826117 0.878794 0.870867 0.846416 0.871182 0.870901 0.845168 0.857024 0.807978 0.833807 0.801661 0.745357 0.823068 0.799353 0.774327 0.785363 0.786898 0.754584 0.778041 0.745762 0.771971 0.785399 0.740112 0.752498 0.715133 0.721932 0.714475 0.728932 0.711309 0.716429 0.750563 0.743534 0.750742 0.728264 0.738497 0.743202 0.675087 0.672339 0.698210 0.698144 0.717765 0.693476 0.692471 0.712076 0.693378 0.686376 0.684705 0.656636 0.663703 0.683613 0.669561 0.654720 0.604665 0.622720 0.603573 0.661452 0.617784 0.623693 0.632954 0.611750 0.614362 0.610191 0.726585 0.625333 0.618089 0.661788 0.590439 0.584468 0.619810 0.633698 0.576733 0.652289 0.621047 0.533396 0.574826 0.630972 0.617777 0.588295 0.618688 0.593563 0.559714 0.589634 0.548221 0.600866 0.660468 0.563186 0.580079 0.533528 0.479462 0.586462 0.531119 0.518014 0.603240 0.567556 0.575703 0.526269 0.529695 0.556681 0.591305 0.515193 0.581397 0.560056 0.555601 0.544701 0.531086 0.590894 0.555915 0.538429 0.567542 0.556478 0.558376 0.529471 0.504945 0.582848 0.571708 0.555959 0.566076 0.576110 0.582707 0.499041 0.571236 
0.996602 1.000000 0.999729 0.999864 0.999772 0.999861 0.999865 0.999799 0.999664 0.999608 0.999681 0.999641 0.998653 0.998300 0.998484 0.991059 0.994436 0.988095 0.963139 0.972672 0.989276 0.947292 0.934826 0.960896 0.887694 0.934317 0.911905 0.933085 0.911983 0.819099 0.870674 0.862679 0.834765 0.863329 0.855396 0.830822 0.844676 0.794280 0.818594 0.789653 0.728253 0.808054 0.781944 0.761182 0.768527 0.770473 0.736477 0.759210 0.727044 0.751483 0.766064 0.722443 0.734090 0.693494 0.701893 0.694013 0.711137 0.694556 0.699230 0.729376 0.723914 0.732471 0.713685 0.719695 0.725345 0.655835 0.650015 0.680284 0.678587 0.701160 0.675114 0.674215 0.696579 0.671914 0.668304 0.660818 0.635693 0.644178 0.668268 0.650590 0.636225 0.581858 0.602970 0.582187 0.641335 0.595926 0.604279 0.609551 0.593668 0.590908 0.588151 0.710312 0.603441 0.593099 0.637803 0.569927 0.560591 0.596527 0.610115 0.553810 0.629253 0.597941 0.509154 0.559147 0.612850 0.593864 0.572461 0.603192 0.569452 0.541076 0.569132 0.526691 0.578920 0.643386 0.546888 0.561563 0.511290 0.457839 0.565611 0.508463 0.491921 0.582813 0.547835 0.556662 0.507070 0.506263 0.536218 0.569564 0.499221 0.560410 0.537820 0.538341 0.526820 0.504666 0.572486 0.533625 0.516345 0.546554 0.538486 0.535214 0.510049 0.487747 0.563224 0.548131 0.530537 0.542867 0.554799 0.559218 0.479158 0.551745 
0.996824 0.999729 1.000000 0.999746 0.999637 0.999727 0.999654 0.999715 0.999653 0.999691 0.999696 0.999670 0.998813 0.998596 0.998771 0.991704 0.995084 0.989069 0.964584 0.973894 0.990269 0.949094 0.936969 0.962791 0.890640 0.936716 0.914516 0.935923 0.915321 0.823113 0.874580 0.866801 0.839359 0.867305 0.859577 0.835123 0.849136 0.799094 0.823236 0.794570 0.733651 0.812516 0.786457 0.766202 0.773781 0.775961 0.741360 0.764286 0.732415 0.756358 0.770826 0.727396 0.739024 0.699334 0.706567 0.698218 0.715970 0.699641 0.704529 0.734144 0.728631 0.737458 0.718400 0.724858 0.730026 0.661221 0.654729 0.686083 0.684431 0.705876 0.680000 0.679734 0.701261 0.676543 0.673258 0.666231 0.640687 0.649524 0.673821 0.656420 0.640611 0.587066 0.607647 0.587738 0.646810 0.600585 0.610169 0.614497 0.598640 0.596726 0.593951 0.714723 0.609871 0.598832 0.643319 0.575359 0.565628 0.601378 0.614834 0.559619 0.635026 0.602318 0.515249 0.565860 0.619134 0.599084 0.577310 0.608713 0.575611 0.545807 0.574304 0.531900 0.583964 0.649299 0.552566 0.567607 0.517656 0.463330 0.571475 0.514181 0.497980 0.587171 0.554521 0.562897 0.512693 0.512425 0.541338 0.576425 0.505114 0.566873 0.543929 0.544800 0.533410 0.511047 0.578274 0.540421 0.522819 0.553264 0.544652 0.541125 0.515591 0.494195 0.569169 0.554756 0.536219 0.548693 0.561421 0.564204 0.484141 0.557088 
0.996363 0.999864 0.999746 1.000000 0.999765 0.999873 0.999873 0.999798 0.999696 0.999626 0.999678 0.999647 0.998615 0.998252 0.998394 0.990936 0.994409 0.987982 0.962784 0.972674 0.989099 0.946828 0.934216 0.960639 0.887371 0.933974 0.911467 0.932966 0.911794 0.818732 0.870563 0.862453 0.834510 0.863047 0.854180 0.829567 0.844267 0.793800 0.817451 0.789625 0.727679 0.807467 0.780522 0.761286 0.768242 0.769748 0.735539 0.758708 0.725855 0.750475 0.765554 0.721805 0.733383 0.692849 0.700411 0.692627 0.710138 0.694477 0.699735 0.728132 0.722787 0.731529 0.713608 0.719385 0.724158 0.655420 0.648638 0.679536 0.678289 0.701220 0.674579 0.674244 0.696784 0.671121 0.667539 0.659969 0.635007 0.643565 0.668490 0.649572 0.635909 0.580795 0.602268 0.581689 0.640808 0.594855 0.604002 0.608060 0.593241 0.589944 0.587679 0.710537 0.603071 0.592563 0.636952 0.569284 0.559885 0.594938 0.608997 0.553748 0.628177 0.596528 0.508549 0.559113 0.612808 0.592421 0.573108 0.604593 0.567524 0.541236 0.569259 0.525515 0.578555 0.644141 0.547707 0.561519 0.510963 0.457888 0.565261 0.507722 0.490905 0.582740 0.549000 0.556391 0.507625 0.505817 0.536373 0.568818 0.499842 0.560036 0.537924 0.539569 0.526949 0.504275 0.573011 0.533659 0.515407 0.546178 0.538832 0.534780 0.509671 0.488160 0.562716 0.547591 0.529257 0.542298 0.554785 0.558868 0.477715 0.550706 
0.996483 0.999772 0.999637 0.999765 1.000000 0.999769 0.999760 0.999648 0.999588 0.999583 0.999577 0.999617 0.998557 0.998305 0.998400 0.991021 0.994486 0.988129 0.963033 0.972599 0.989362 0.947286 0.934876 0.961104 0.887744 0.934713 0.912122 0.933548 0.912412 0.819752 0.871463 0.863231 0.835685 0.864083 0.856481 0.831552 0.845792 0.795282 0.819203 0.790745 0.728942 0.809520 0.782276 0.762211 0.769947 0.771964 0.737670 0.760571 0.727647 0.752881 0.767755 0.723443 0.735976 0.695251 0.702615 0.694299 0.712152 0.695954 0.700140 0.730730 0.724870 0.733608 0.715035 0.721494 0.726869 0.656516 0.650649 0.682259 0.680148 0.702516 0.677014 0.676268 0.698919 0.673210 0.669914 0.662702 0.637034 0.644846 0.670707 0.652732 0.636948 0.583444 0.603646 0.583151 0.643630 0.599090 0.604993 0.611516 0.593460 0.592381 0.590053 0.712483 0.605289 0.593698 0.639832 0.572229 0.561468 0.598739 0.612467 0.556242 0.630306 0.601390 0.510093 0.561644 0.614975 0.595214 0.575369 0.604343 0.570953 0.542947 0.570738 0.526707 0.579975 0.645590 0.549172 0.563083 0.513242 0.459867 0.567428 0.510407 0.494000 0.584154 0.550972 0.558894 0.510932 0.506802 0.538277 0.572851 0.501649 0.562089 0.539363 0.539785 0.529001 0.506852 0.574775 0.535745 0.518733 0.548561 0.540161 0.537157 0.513639 0.489988 0.565397 0.551710 0.531702 0.544619 0.557490 0.562564 0.481210 0.555004 
0.996516 0.999861 0.999727 0.999873 0.999769 1.000000 0.999897 0.999825 0.999721 0.999675 0.999693 0.999708 0.998689 0.998395 0.998513 0.991164 0.994598 0.988253 0.963254 0.972901 0.989341 0.947391 0.934804 0.961048 0.887863 0.934516 0.912029 0.933295 0.912178 0.819344 0.870876 0.862720 0.834888 0.863549 0.854700 0.830148 0.844770 0.793839 0.817730 0.790123 0.727921 0.807942 0.780749 0.761261 0.768504 0.770405 0.735828 0.759231 0.726626 0.751191 0.765942 0.722332 0.733642 0.693306 0.700762 0.692794 0.710574 0.694830 0.699611 0.728922 0.723211 0.731777 0.713995 0.719855 0.724827 0.655622 0.649157 0.680594 0.678582 0.701248 0.674934 0.674474 0.697059 0.671919 0.668327 0.660457 0.635485 0.643727 0.668631 0.650413 0.636311 0.581531 0.602455 0.581740 0.641636 0.595630 0.604298 0.609183 0.593141 0.590675 0.587688 0.710652 0.603855 0.592604 0.637743 0.569792 0.559929 0.595918 0.609830 0.553988 0.628769 0.597688 0.509201 0.559261 0.613266 0.593214 0.573140 0.604244 0.568892 0.541761 0.569420 0.526459 0.578622 0.644442 0.547595 0.561835 0.511848 0.458489 0.566290 0.508440 0.491358 0.582925 0.549683 0.557271 0.508477 0.506236 0.537145 0.570245 0.500150 0.560820 0.538394 0.539234 0.527594 0.504932 0.573896 0.534270 0.516708 0.546824 0.539843 0.535635 0.510787 0.488892 0.564198 0.548954 0.530244 0.543082 0.555980 0.560448 0.479067 0.551390 
0.996264 0.999865 0.999654 0.999873 0.999760 0.999897 1.000000 0.999742 0.999679 0.999607 0.999630 0.999655 0.998575 0.998210 0.998326 0.990835 0.994273 0.987875 0.962626 0.972561 0.988924 0.946612 0.933963 0.960288 0.887155 0.933807 0.911105 0.932486 0.911079 0.818141 0.870013 0.861752 0.833550 0.862488 0.853112 0.828739 0.843264 0.793108 0.816369 0.788766 0.726225 0.806684 0.779268 0.760145 0.767169 0.768712 0.734342 0.757434 0.724316 0.749004 0.764112 0.720170 0.732441 0.691353 0.698996 0.691058 0.709205 0.693347 0.697991 0.727303 0.721685 0.730308 0.712450 0.718138 0.723098 0.654098 0.647075 0.678828 0.676866 0.699829 0.673323 0.672972 0.696062 0.669813 0.666526 0.658238 0.633704 0.642010 0.667345 0.648525 0.634778 0.579635 0.600672 0.579964 0.639510 0.594049 0.602357 0.606951 0.591573 0.588109 0.586567 0.709308 0.601620 0.591113 0.635457 0.568202 0.558049 0.593604 0.607466 0.552253 0.626460 0.596011 0.506604 0.558445 0.611759 0.590488 0.571481 0.603195 0.566383 0.540276 0.568208 0.524038 0.577111 0.642396 0.546385 0.560704 0.509787 0.456721 0.563820 0.506788 0.489018 0.580868 0.547040 0.554578 0.506411 0.503529 0.534606 0.567278 0.498746 0.558549 0.536008 0.537521 0.525300 0.502715 0.571391 0.531910 0.514646 0.544594 0.537518 0.533372 0.509696 0.486956 0.562026 0.546554 0.527711 0.541367 0.553541 0.557064 0.476657 0.550177 
0.996436 0.999799 0.999715 0.999798 0.999648 0.999825 0.999742 1.000000 0.999729 0.999591 0.999777 0.999682 0.998718 0.998406 0.998727 0.991143 0.994994 0.988395 0.963273 0.972954 0.989575 0.947332 0.934806 0.961454 0.888183 0.934732 0.912084 0.934672 0.913723 0.819545 0.872190 0.863908 0.836547 0.864907 0.855628 0.831989 0.846383 0.795998 0.819238 0.791443 0.730593 0.809734 0.783175 0.763837 0.770687 0.772505 0.738282 0.761659 0.728992 0.753493 0.768416 0.725779 0.735190 0.695749 0.703405 0.696522 0.713762 0.697940 0.702716 0.732055 0.725910 0.734926 0.716581 0.721675 0.728821 0.659798 0.652990 0.683025 0.681044 0.704166 0.679046 0.677890 0.700297 0.674717 0.672575 0.663249 0.639313 0.648100 0.670931 0.653469 0.639717 0.585062 0.607176 0.585506 0.644440 0.597645 0.609178 0.612886 0.597914 0.593580 0.591466 0.712918 0.606676 0.596544 0.638263 0.573230 0.563586 0.598428 0.613228 0.557286 0.631031 0.597952 0.514182 0.562582 0.615487 0.595958 0.575403 0.608763 0.571510 0.545735 0.573575 0.532517 0.582873 0.647940 0.550604 0.564262 0.516187 0.462876 0.570556 0.512393 0.495030 0.586725 0.552354 0.560554 0.512288 0.511358 0.540655 0.572750 0.503967 0.563868 0.542396 0.543778 0.530955 0.507685 0.576961 0.536875 0.519165 0.550903 0.543763 0.538599 0.512236 0.493208 0.567301 0.550526 0.534251 0.547030 0.559041 0.562440 0.482611 0.554866 
0.996376 0.999664 0.999653 0.999696 0.999588 0.999721 0.999679 0.999729 1.000000 0.999679 0.999695 0.999713 0.999029 0.998777 0.998817 0.991985 0.995760 0.989625 0.965342 0.974952 0.990515 0.949603 0.937378 0.963515 0.892514 0.938099 0.915437 0.937881 0.917199 0.824749 0.876801 0.869524 0.841829 0.869616 0.858497 0.835493 0.850527 0.801427 0.823477 0.797736 0.735615 0.814243 0.786164 0.770140 0.776297 0.778095 0.742520 0.765932 0.733319 0.757241 0.772014 0.729018 0.740593 0.700384 0.706759 0.698697 0.718231 0.703592 0.708828 0.735040 0.730042 0.739049 0.721106 0.727074 0.730755 0.664315 0.654542 0.688537 0.686037 0.709540 0.681464 0.683325 0.704812 0.678743 0.675436 0.666389 0.642492 0.651250 0.676473 0.658349 0.643923 0.588528 0.610219 0.590697 0.648744 0.601612 0.612956 0.615429 0.601370 0.597663 0.594969 0.716899 0.612388 0.601497 0.643568 0.577440 0.567182 0.601061 0.615310 0.562396 0.635226 0.601230 0.517042 0.568384 0.622138 0.598793 0.581691 0.614910 0.574463 0.550082 0.577925 0.534024 0.587593 0.653561 0.558155 0.572264 0.520835 0.467187 0.575195 0.516698 0.495986 0.591180 0.559065 0.565922 0.517396 0.512616 0.545155 0.577784 0.510743 0.568604 0.548075 0.549908 0.536900 0.513489 0.581569 0.543544 0.524539 0.555755 0.549169 0.544453 0.518842 0.498077 0.572647 0.554861 0.536195 0.550123 0.564219 0.567022 0.484298 0.559579 
0.996758 0.999608 0.999691 0.999626 0.999583 0.999675 0.999607 0.999591 0.999679 1.000000 0.999718 0.999788 0.999392 0.999157 0.999154 0.993236 0.996142 0.990878 0.967648 0.975958 0.991833 0.952567 0.941048 0.965841 0.895262 0.940782 0.918930 0.939002 0.918821 0.828694 0.878954 0.871497 0.843788 0.872137 0.863002 0.839168 0.853806 0.802555 0.826566 0.800135 0.737579 0.817089 0.788473 0.770481 0.778861 0.781004 0.745035 0.768704 0.737278 0.760761 0.774232 0.731581 0.744258 0.703380 0.710866 0.699646 0.720924 0.704960 0.709581 0.737877 0.733069 0.741189 0.721971 0.729883 0.733007 0.664533 0.656690 0.690341 0.687487 0.710557 0.682654 0.683808 0.704812 0.680313 0.676821 0.668642 0.643412 0.651274 0.679055 0.661221 0.645357 0.589924 0.610503 0.591896 0.651000 0.606637 0.612682 0.618546 0.601232 0.600806 0.597175 0.719461 0.614871 0.602445 0.648492 0.580583 0.567388 0.603638 0.618425 0.564420 0.638660 0.607436 0.519678 0.571223 0.624520 0.600972 0.584036 0.612720 0.578445 0.551633 0.579660 0.533811 0.588552 0.653724 0.558342 0.572844 0.522587 0.469140 0.575831 0.519162 0.500757 0.591354 0.559088 0.567837 0.518812 0.513939 0.545837 0.582559 0.511448 0.572231 0.548512 0.549747 0.539066 0.515538 0.582389 0.544733 0.530800 0.557691 0.550337 0.547069 0.523456 0.499098 0.575337 0.559666 0.539393 0.550785 0.566716 0.571192 0.488755 0.562896 
0.996817 0.999681 0.999696 0.999678 0.999577 0.999693 0.999630 0.999777 0.999695 0.999718 1.000000 0.999802 0.998941 0.998709 0.999167 0.991738 0.995653 0.989317 0.964560 0.973633 0.990656 0.948880 0.936945 0.963275 0.890413 0.936965 0.914558 0.937563 0.916978 0.822977 0.875964 0.867915 0.841230 0.868761 0.861048 0.837367 0.851310 0.801252 0.824692 0.796162 0.736434 0.815267 0.789010 0.769229 0.776860 0.778374 0.744441 0.767831 0.735424 0.759683 0.774666 0.731711 0.741723 0.702432 0.710352 0.702524 0.720254 0.704082 0.709073 0.738360 0.732411 0.741025 0.722306 0.728454 0.734774 0.665551 0.659454 0.688647 0.686961 0.709924 0.685303 0.684379 0.706082 0.681022 0.678359 0.670287 0.645607 0.653894 0.677179 0.660268 0.645924 0.591992 0.613309 0.592211 0.651465 0.605502 0.614834 0.619919 0.603850 0.600849 0.598442 0.718767 0.613627 0.603055 0.645570 0.580554 0.570110 0.605183 0.620744 0.564576 0.637246 0.605819 0.521264 0.569210 0.622629 0.603793 0.582431 0.613861 0.578841 0.552819 0.580510 0.537907 0.590044 0.654325 0.557605 0.570732 0.523499 0.470528 0.576575 0.518972 0.503041 0.593429 0.559505 0.567864 0.519696 0.517790 0.546964 0.580651 0.510777 0.571499 0.549201 0.550196 0.538476 0.514938 0.583415 0.544081 0.527531 0.557176 0.550016 0.545790 0.520583 0.499580 0.574135 0.558624 0.541707 0.554044 0.565690 0.570539 0.489582 0.562991 
0.996886 0.999641 0.999670 0.999647 0.999617 0.999708 0.999655 0.999682 0.999713 0.999788 0.999802 1.000000 0.999147 0.998963 0.999273 0.992288 0.996109 0.990055 0.965832 0.974564 0.991274 0.950338 0.938619 0.964596 0.892664 0.938740 0.916594 0.939409 0.918780 0.825897 0.878197 0.870681 0.844215 0.871062 0.863408 0.839885 0.853864 0.803911 0.827438 0.799498 0.739688 0.818314 0.791093 0.772333 0.780074 0.781590 0.747526 0.770719 0.738626 0.762870 0.777188 0.734330 0.745224 0.706144 0.712929 0.704237 0.722920 0.707659 0.712266 0.740611 0.735544 0.743590 0.725734 0.731859 0.736667 0.668602 0.661414 0.692320 0.690591 0.713381 0.687457 0.687094 0.708776 0.684208 0.680753 0.672752 0.648430 0.656401 0.680755 0.663115 0.649169 0.595203 0.615842 0.595690 0.654688 0.608630 0.617407 0.622700 0.606150 0.604052 0.601163 0.722194 0.617645 0.606156 0.649923 0.583931 0.572931 0.608247 0.622720 0.568325 0.641208 0.609570 0.524321 0.572901 0.626112 0.605948 0.586072 0.616783 0.581523 0.555685 0.583632 0.539591 0.593041 0.657114 0.561912 0.574878 0.525889 0.473138 0.579773 0.522459 0.505044 0.595675 0.563576 0.571882 0.522623 0.519609 0.551129 0.583533 0.514306 0.574940 0.552507 0.552973 0.542249 0.518507 0.587468 0.547985 0.531418 0.560614 0.553855 0.549360 0.524223 0.502358 0.577988 0.562039 0.543731 0.556404 0.569137 0.574122 0.492743 0.565333 
0.996165 0.998653 0.998813 0.998615 0.998557 0.998689 0.998575 0.998718 0.999029 0.999392 0.998941 0.999147 1.000000 0.999770 0.999030 0.996029 0.997951 0.994312 0.974549 0.981782 0.994926 0.960882 0.950139 0.972917 0.908047 0.949993 0.930018 0.946893 0.929087 0.844191 0.891513 0.883184 0.855768 0.885211 0.871110 0.849402 0.865819 0.813149 0.836673 0.815452 0.750837 0.826441 0.795892 0.782459 0.791640 0.793431 0.756790 0.780418 0.750789 0.771641 0.782680 0.744713 0.755022 0.714149 0.722322 0.706202 0.734430 0.717751 0.723468 0.745747 0.742487 0.751915 0.732942 0.741170 0.740610 0.676448 0.664668 0.703261 0.698456 0.723729 0.689885 0.696097 0.713826 0.692330 0.686287 0.676789 0.653802 0.659688 0.693615 0.672207 0.659100 0.599124 0.620405 0.605591 0.662031 0.617858 0.622731 0.627068 0.609725 0.613916 0.607537 0.731507 0.628723 0.615168 0.658159 0.591177 0.578074 0.609279 0.625934 0.577453 0.650686 0.616624 0.532924 0.585093 0.637183 0.609179 0.599553 0.627131 0.587004 0.567490 0.591467 0.543253 0.601377 0.665700 0.573839 0.586386 0.537306 0.482983 0.588071 0.532539 0.508743 0.605003 0.571632 0.580636 0.530027 0.522113 0.557537 0.596155 0.528503 0.586093 0.562670 0.565203 0.551768 0.527751 0.593421 0.556778 0.546783 0.572288 0.564323 0.561781 0.540129 0.515186 0.589053 0.574381 0.549705 0.561485 0.580972 0.584861 0.498536 0.574896 
0.996112 0.998300 0.998596 0.998252 0.998305 0.998395 0.998210 0.998406 0.998777 0.999157 0.998709 0.998963 0.999770 1.000000 0.998954 0.996433 0.998201 0.994843 0.975631 0.982571 0.995468 0.962292 0.951723 0.974252 0.910102 0.951544 0.932030 0.948681 0.931237 0.846997 0.893835 0.885789 0.858699 0.887571 0.874265 0.852233 0.868608 0.815454 0.839502 0.818579 0.754764 0.829023 0.798462 0.785427 0.795067 0.796923 0.759577 0.783839 0.754385 0.775330 0.785531 0.748816 0.757445 0.717602 0.724775 0.708798 0.737238 0.720673 0.726604 0.747966 0.744902 0.754089 0.736028 0.743790 0.743749 0.679834 0.667112 0.706284 0.701348 0.726991 0.693239 0.698765 0.715727 0.695573 0.689643 0.679926 0.657393 0.662429 0.697125 0.675404 0.661507 0.602442 0.623111 0.609131 0.665758 0.620189 0.625939 0.630194 0.611715 0.617504 0.609712 0.734415 0.632934 0.617485 0.661245 0.593802 0.581138 0.612591 0.628985 0.581535 0.653829 0.619296 0.537334 0.588374 0.639776 0.612502 0.601973 0.629616 0.589767 0.570822 0.595262 0.546895 0.604344 0.669028 0.577720 0.589235 0.540903 0.485404 0.592586 0.534943 0.511527 0.607857 0.576648 0.585477 0.533352 0.525086 0.561563 0.599426 0.532586 0.589190 0.566624 0.568220 0.556207 0.530434 0.597307 0.560966 0.550424 0.575829 0.568380 0.564559 0.542508 0.518708 0.593022 0.578020 0.552295 0.564206 0.584512 0.590135 0.502467 0.577700 
0.996801 0.998484 0.998771 0.998394 0.998400 0.998513 0.998326 0.998727 0.998817 0.999154 0.999167 0.999273 0.999030 0.998954 1.000000 0.993148 0.997626 0.991961 0.969169 0.975857 0.993429 0.954155 0.944021 0.969116 0.898755 0.943870 0.922457 0.947693 0.927777 0.833829 0.888154 0.881198 0.856916 0.881130 0.876580 0.854416 0.866376 0.818187 0.841797 0.811813 0.756810 0.832306 0.807338 0.787027 0.796045 0.797521 0.764431 0.788354 0.756171 0.778860 0.792776 0.751207 0.761021 0.724540 0.732060 0.722986 0.740566 0.724468 0.728996 0.758797 0.753281 0.761533 0.741728 0.747714 0.754765 0.687156 0.681105 0.708975 0.707447 0.728216 0.706196 0.704476 0.723632 0.702167 0.700027 0.691234 0.667226 0.675006 0.696605 0.681386 0.667247 0.614603 0.635355 0.616143 0.673379 0.626670 0.636394 0.643153 0.626421 0.625442 0.621048 0.737170 0.636544 0.626027 0.666104 0.605106 0.593002 0.627997 0.643686 0.587388 0.661334 0.627463 0.546947 0.592791 0.643565 0.626630 0.602913 0.632996 0.603301 0.574401 0.602498 0.561952 0.613116 0.674263 0.580944 0.592814 0.545845 0.496207 0.599597 0.544103 0.529866 0.613980 0.582694 0.594112 0.543175 0.543420 0.571078 0.604519 0.533413 0.597422 0.573353 0.571995 0.564198 0.539019 0.608206 0.568556 0.553964 0.583053 0.575217 0.570029 0.542277 0.522490 0.599214 0.582522 0.566899 0.576775 0.588421 0.592981 0.515732 0.585246 
0.989503 0.991059 0.991704 0.990936 0.991021 0.991164 0.990835 0.991143 0.991985 0.993236 0.991738 0.992288 0.996029 0.996433 0.993148 1.000000 0.996473 0.998727 0.989386 0.992614 0.998450 0.980605 0.972161 0.987536 0.937323 0.970681 0.956243 0.957251 0.946785 0.882082 0.914837 0.905113 0.875824 0.911902 0.885911 0.866310 0.888922 0.825413 0.852502 0.845232 0.770554 0.839550 0.801893 0.798060 0.811814 0.815405 0.773035 0.796700 0.776550 0.790161 0.791035 0.767278 0.771884 0.728394 0.739106 0.707059 0.754959 0.734465 0.742891 0.753391 0.753960 0.764015 0.742935 0.758258 0.747780 0.689418 0.669258 0.723716 0.711308 0.743186 0.691371 0.709647 0.719248 0.705373 0.695137 0.682633 0.660601 0.664369 0.715462 0.691081 0.675790 0.607301 0.627854 0.622562 0.676084 0.635189 0.632308 0.636424 0.612943 0.632576 0.616384 0.748119 0.652099 0.629086 0.675885 0.603752 0.584030 0.611043 0.631321 0.594507 0.668452 0.630222 0.553347 0.607339 0.655863 0.611709 0.621890 0.642536 0.597944 0.587013 0.605015 0.550353 0.615306 0.679840 0.593853 0.605271 0.559369 0.495416 0.604618 0.550396 0.512656 0.620651 0.585575 0.598196 0.542418 0.524343 0.570114 0.618768 0.555362 0.605093 0.581680 0.586105 0.572053 0.543851 0.601790 0.572673 0.577571 0.593932 0.583797 0.583549 0.567735 0.535270 0.610146 0.597739 0.557497 0.566381 0.601999 0.608153 0.513499 0.593188 
0.993395 0.994436 0.995084 0.994409 0.994486 0.994598 0.994273 0.994994 0.995760 0.996142 0.995653 0.996109 0.997951 0.998201 0.997626 0.996473 1.000000 0.996921 0.980412 0.985712 0.997479 0.968092 0.959452 0.981361 0.922742 0.961096 0.942322 0.963441 0.947819 0.864150 0.912920 0.905493 0.882544 0.907504 0.891095 0.874905 0.890790 0.842246 0.862156 0.844669 0.785080 0.854324 0.823113 0.815348 0.823939 0.825441 0.790448 0.813356 0.785007 0.803260 0.813458 0.779990 0.786276 0.749900 0.756131 0.738376 0.770297 0.755816 0.761113 0.777879 0.775896 0.785405 0.768015 0.774743 0.773699 0.716127 0.699627 0.740450 0.734784 0.759951 0.725389 0.734470 0.748659 0.729674 0.724457 0.711843 0.692386 0.696833 0.730158 0.710032 0.698431 0.638590 0.660441 0.648809 0.700470 0.653114 0.663138 0.665423 0.649121 0.654356 0.646517 0.764988 0.669893 0.656008 0.689419 0.631728 0.618056 0.644047 0.662014 0.618928 0.687814 0.647094 0.577847 0.626889 0.675310 0.644305 0.638350 0.668612 0.623255 0.610849 0.632578 0.584950 0.643381 0.704750 0.618158 0.628065 0.580540 0.529730 0.631004 0.576753 0.547236 0.645750 0.613756 0.623947 0.574548 0.562772 0.601077 0.635959 0.575000 0.627957 0.607478 0.610134 0.596300 0.570297 0.634663 0.599514 0.589307 0.616373 0.609801 0.605437 0.580627 0.560578 0.632900 0.614387 0.589688 0.603191 0.623560 0.624829 0.539060 0.614612 
0.987189 0.988095 0.989069 0.987982 0.988129 0.988253 0.987875 0.988395 0.989625 0.990878 0.989317 0.990055 0.994312 0.994843 0.991961 0.998727 0.996921 1.000000 0.991724 0.993963 0.999063 0.983184 0.976512 0.990888 0.945443 0.976703 0.962270 0.967590 0.957363 0.892932 0.928624 0.920236 0.893803 0.925067 0.900024 0.883169 0.903809 0.847555 0.871148 0.863759 0.793098 0.858322 0.820995 0.820439 0.833226 0.836860 0.794395 0.817718 0.796076 0.807547 0.810670 0.784897 0.794179 0.752784 0.760380 0.726279 0.776037 0.757676 0.765855 0.773904 0.776403 0.785398 0.766677 0.779253 0.767047 0.712212 0.690451 0.746949 0.735492 0.762960 0.714608 0.734039 0.740654 0.726785 0.716996 0.705780 0.684656 0.685202 0.738529 0.714502 0.697500 0.629384 0.649878 0.648594 0.698447 0.656634 0.654469 0.657840 0.637730 0.656584 0.641924 0.767319 0.675695 0.655085 0.695815 0.629189 0.608799 0.634325 0.651540 0.618247 0.692692 0.652018 0.575451 0.635649 0.683822 0.636536 0.644573 0.666617 0.622323 0.610932 0.629440 0.571291 0.639971 0.701704 0.622649 0.632612 0.583198 0.524858 0.627902 0.577304 0.539606 0.641296 0.612510 0.623607 0.569555 0.548572 0.593012 0.644986 0.581906 0.632498 0.606200 0.612827 0.598641 0.571800 0.628143 0.599958 0.604393 0.619831 0.610533 0.608603 0.594840 0.562503 0.635548 0.622959 0.582137 0.594234 0.627489 0.628477 0.534750 0.618084 
0.963711 0.963139 0.964584 0.962784 0.963033 0.963254 0.962626 0.963273 0.965342 0.967648 0.964560 0.965832 0.974549 0.975631 0.969169 0.989386 0.980412 0.991724 1.000000 0.995450 0.989163 0.997647 0.994313 0.996639 0.974872 0.991400 0.985864 0.968682 0.967935 0.932141 0.949098 0.938394 0.909571 0.948128 0.907029 0.893828 0.921003 0.853989 0.882213 0.893654 0.811436 0.860912 0.818168 0.829329 0.849010 0.854167 0.806009 0.830282 0.818359 0.816153 0.807025 0.799441 0.804767 0.760843 0.772378 0.717878 0.791179 0.767864 0.780444 0.770435 0.778983 0.790232 0.769763 0.788083 0.760563 0.718924 0.685618 0.761150 0.741125 0.774364 0.702727 0.738875 0.731567 0.732906 0.713429 0.702073 0.681846 0.677192 0.754648 0.724442 0.708594 0.625674 0.647064 0.663094 0.703379 0.664633 0.652575 0.655447 0.630541 0.671650 0.642415 0.774498 0.693860 0.665302 0.705692 0.633262 0.609128 0.624434 0.646084 0.627237 0.707442 0.659432 0.588534 0.653078 0.697773 0.629417 0.661393 0.676014 0.628283 0.626064 0.633113 0.567043 0.646131 0.705868 0.639711 0.647677 0.597193 0.533165 0.635104 0.588961 0.537793 0.648711 0.619951 0.639321 0.572795 0.541393 0.597657 0.663524 0.604920 0.649695 0.621015 0.628814 0.610956 0.584020 0.628785 0.610672 0.634329 0.637483 0.625237 0.627388 0.622140 0.577986 0.651462 0.645286 0.581320 0.592710 0.642356 0.645388 0.540871 0.629846 
0.971064 0.972672 0.973894 0.972674 0.972599 0.972901 0.972561 0.972954 0.974952 0.975958 0.973633 0.974564 0.981782 0.982571 0.975857 0.992614 0.985712 0.993963 0.995450 1.000000 0.991490 0.991779 0.984600 0.993171 0.967646 0.986052 0.977135 0.965218 0.963264 0.922438 0.942955 0.929062 0.899403 0.940498 0.889962 0.876134 0.909199 0.845829 0.866637 0.883378 0.794696 0.848073 0.802429 0.822942 0.833383 0.837420 0.789335 0.811123 0.794806 0.798788 0.794763 0.784871 0.786939 0.740618 0.747587 0.699073 0.774368 0.754442 0.767654 0.749651 0.758138 0.771131 0.758472 0.771959 0.743794 0.704555 0.664757 0.747337 0.729195 0.765795 0.688494 0.729566 0.727379 0.715640 0.698917 0.684282 0.669013 0.663664 0.742569 0.706580 0.691729 0.607067 0.631374 0.643464 0.683938 0.638673 0.639998 0.631160 0.615980 0.645287 0.624431 0.762764 0.673351 0.648588 0.679882 0.606382 0.593430 0.602057 0.619323 0.609706 0.684732 0.630579 0.561927 0.635454 0.684300 0.608058 0.644915 0.674761 0.595977 0.611938 0.621790 0.549648 0.629360 0.695723 0.628105 0.634531 0.581199 0.513642 0.622824 0.568913 0.506097 0.636717 0.604455 0.610017 0.553971 0.518316 0.577433 0.636107 0.592704 0.620558 0.601891 0.620590 0.588316 0.562563 0.610759 0.592458 0.599175 0.616662 0.605709 0.604113 0.599070 0.567916 0.627329 0.619691 0.555012 0.580127 0.627678 0.619794 0.509078 0.604922 
0.989235 0.989276 0.990269 0.989099 0.989362 0.989341 0.988924 0.989575 0.990515 0.991833 0.990656 0.991274 0.994926 0.995468 0.993429 0.998450 0.997479 0.999063 0.989163 0.991490 1.000000 0.980482 0.974267 0.990148 0.939861 0.973865 0.959393 0.967506 0.957313 0.888967 0.927536 0.916906 0.893908 0.923672 0.905330 0.886231 0.906871 0.848296 0.874334 0.861684 0.794582 0.862269 0.828104 0.821451 0.835197 0.838600 0.801168 0.822775 0.801406 0.815586 0.818608 0.792556 0.799362 0.758844 0.768961 0.738206 0.783022 0.761641 0.767664 0.783393 0.782873 0.792205 0.769605 0.785366 0.777680 0.719125 0.703011 0.751977 0.742025 0.769180 0.723302 0.740609 0.749093 0.735553 0.725959 0.717371 0.693295 0.696671 0.740187 0.722807 0.704100 0.641855 0.661443 0.654077 0.707329 0.667142 0.663976 0.671060 0.646909 0.665934 0.652470 0.773467 0.682878 0.663761 0.705571 0.637547 0.619223 0.648704 0.665483 0.627484 0.701860 0.663397 0.587206 0.638706 0.688110 0.647548 0.648182 0.671070 0.634193 0.617569 0.639254 0.583023 0.648996 0.708095 0.626080 0.636551 0.592919 0.531922 0.638170 0.586616 0.552892 0.650227 0.618346 0.632361 0.577486 0.561529 0.602419 0.650489 0.586132 0.639221 0.614657 0.617756 0.605880 0.581209 0.636088 0.608219 0.609802 0.628108 0.616717 0.616536 0.599348 0.567513 0.642452 0.632037 0.594658 0.603218 0.634381 0.636629 0.548625 0.628144 
0.948607 0.947292 0.949094 0.946828 0.947286 0.947391 0.946612 0.947332 0.949603 0.952567 0.948880 0.950338 0.960882 0.962292 0.954155 0.980605 0.968092 0.983184 0.997647 0.991779 0.980482 1.000000 0.997771 0.995618 0.983826 0.994382 0.992844 0.965055 0.970322 0.949930 0.954897 0.943467 0.914196 0.956824 0.910279 0.898435 0.928326 0.854950 0.886362 0.904545 0.818656 0.862764 0.816843 0.832565 0.854911 0.861205 0.810690 0.832298 0.829673 0.824096 0.807255 0.810166 0.808531 0.764289 0.777691 0.711634 0.799483 0.772291 0.785764 0.767532 0.780323 0.792074 0.771621 0.793155 0.759808 0.720107 0.684746 0.769143 0.744591 0.782538 0.698681 0.741908 0.729576 0.736853 0.713411 0.700805 0.683974 0.675547 0.765858 0.730673 0.715391 0.628194 0.647445 0.668851 0.708314 0.672486 0.653488 0.656923 0.627004 0.680109 0.644130 0.781849 0.703177 0.668309 0.711438 0.635414 0.610463 0.621335 0.644033 0.635114 0.715809 0.664401 0.597363 0.663074 0.704522 0.629093 0.673264 0.679607 0.629421 0.635708 0.637406 0.567228 0.651227 0.709177 0.648380 0.655099 0.609784 0.536110 0.641228 0.596557 0.536408 0.655888 0.622920 0.643453 0.572223 0.538193 0.598905 0.673520 0.618540 0.655091 0.628053 0.636548 0.618119 0.588714 0.627579 0.616439 0.648920 0.646890 0.629843 0.635915 0.635808 0.589225 0.658805 0.657693 0.583350 0.592640 0.652965 0.658453 0.546356 0.635389 
0.937672 0.934826 0.936969 0.934216 0.934876 0.934804 0.933963 0.934806 0.937378 0.941048 0.936945 0.938619 0.950139 0.951723 0.944021 0.972161 0.959452 0.976512 0.994313 0.984600 0.974267 0.997771 1.000000 0.993553 0.986437 0.995691 0.995930 0.966787 0.973898 0.959104 0.963456 0.951800 0.926326 0.965856 0.924906 0.912004 0.941908 0.869140 0.901952 0.918712 0.833007 0.878648 0.832214 0.846464 0.872131 0.879427 0.830298 0.850994 0.849647 0.841771 0.823681 0.824826 0.833532 0.786425 0.802382 0.729024 0.820150 0.790276 0.801986 0.789212 0.802478 0.811779 0.784548 0.814417 0.776268 0.736871 0.704872 0.790026 0.764840 0.798590 0.714052 0.761883 0.745748 0.755634 0.730574 0.723242 0.700250 0.691998 0.781748 0.756130 0.732697 0.648465 0.666470 0.690066 0.727990 0.701241 0.669803 0.680786 0.646791 0.705685 0.668484 0.797363 0.726513 0.693642 0.740337 0.662926 0.630540 0.648294 0.667041 0.657551 0.742820 0.696129 0.621160 0.688318 0.731436 0.651492 0.694325 0.693288 0.659756 0.654286 0.660010 0.582659 0.673157 0.724163 0.671612 0.679393 0.633065 0.562239 0.662450 0.626298 0.566477 0.672916 0.643520 0.669288 0.598273 0.559975 0.618765 0.701993 0.640315 0.684351 0.650333 0.657518 0.644800 0.621465 0.649311 0.642628 0.682574 0.673003 0.653796 0.664072 0.666263 0.608465 0.684759 0.685170 0.609349 0.611751 0.675655 0.678782 0.573555 0.665806 
0.963106 0.960896 0.962791 0.960639 0.961104 0.961048 0.960288 0.961454 0.963515 0.965841 0.963275 0.964596 0.972917 0.974252 0.969116 0.987536 0.981361 0.990888 0.996639 0.993171 0.990148 0.995618 0.993553 1.000000 0.974569 0.993320 0.987157 0.979318 0.980131 0.939942 0.959745 0.950014 0.927861 0.960857 0.926300 0.914944 0.941499 0.875539 0.902676 0.910355 0.837113 0.888369 0.845615 0.856871 0.874841 0.878755 0.836305 0.857109 0.848986 0.851862 0.841523 0.836444 0.832906 0.794158 0.805089 0.751254 0.825047 0.802895 0.813911 0.803283 0.812053 0.822769 0.801332 0.822485 0.797894 0.755037 0.724860 0.794588 0.776647 0.811728 0.741910 0.776581 0.771067 0.770833 0.754032 0.739749 0.723565 0.719506 0.789476 0.761567 0.747445 0.671982 0.691236 0.701596 0.743527 0.704882 0.695453 0.698965 0.672203 0.712351 0.682936 0.811410 0.732636 0.703169 0.741684 0.674874 0.650718 0.664465 0.687955 0.671646 0.743858 0.692335 0.636333 0.688201 0.731500 0.670080 0.702510 0.713740 0.661534 0.668637 0.677991 0.612051 0.690129 0.747112 0.679345 0.684255 0.643774 0.576589 0.678923 0.632790 0.577657 0.694201 0.660017 0.678093 0.614465 0.585667 0.640862 0.700300 0.647289 0.686261 0.663774 0.670956 0.654884 0.623960 0.670301 0.651488 0.670430 0.678317 0.664522 0.667671 0.655848 0.622038 0.690802 0.682132 0.625325 0.633171 0.684315 0.689120 0.583699 0.666860 
0.890825 0.887694 0.890640 0.887371 0.887744 0.887863 0.887155 0.888183 0.892514 0.895262 0.890413 0.892664 0.908047 0.910102 0.898755 0.937323 0.922742 0.945443 0.974872 0.967646 0.939861 0.983826 0.986437 0.974569 1.000000 0.989732 0.994852 0.959246 0.974513 0.984029 0.977077 0.966807 0.940679 0.980075 0.908383 0.909951 0.946028 0.885903 0.903549 0.948918 0.856484 0.877893 0.822887 0.871972 0.888836 0.894305 0.836141 0.855365 0.858490 0.838890 0.816959 0.834875 0.836439 0.792932 0.797703 0.711202 0.833205 0.811367 0.825784 0.771835 0.797558 0.811750 0.801277 0.818564 0.762369 0.755144 0.689225 0.808383 0.779356 0.818264 0.707792 0.779651 0.750502 0.760095 0.732422 0.713879 0.710714 0.690309 0.813143 0.763768 0.748014 0.645835 0.668138 0.715476 0.733245 0.692861 0.680251 0.667581 0.650605 0.710863 0.672591 0.805778 0.747215 0.710696 0.729979 0.662128 0.638698 0.625839 0.640793 0.675785 0.750380 0.674004 0.628970 0.723024 0.758276 0.642387 0.718573 0.731269 0.643517 0.682864 0.678952 0.584911 0.689600 0.741618 0.713741 0.713865 0.657436 0.587047 0.681447 0.641848 0.550894 0.686961 0.667783 0.679496 0.608581 0.552265 0.626902 0.714780 0.688966 0.695697 0.672270 0.698992 0.664342 0.633344 0.657996 0.663106 0.700331 0.698225 0.678938 0.681830 0.696113 0.649582 0.700726 0.698975 0.602823 0.625078 0.703456 0.685418 0.561093 0.670138 
0.936745 0.934317 0.936716 0.933974 0.934713 0.934516 0.933807 0.934732 0.938099 0.940782 0.936965 0.938740 0.949993 0.951544 0.943870 0.970681 0.961096 0.976703 0.991400 0.986052 0.973865 0.994382 0.995691 0.993320 0.989732 1.000000 0.995292 0.975563 0.982183 0.965895 0.972997 0.965934 0.941143 0.977008 0.927339 0.920474 0.951534 0.890644 0.911416 0.934774 0.846551 0.897774 0.842797 0.872336 0.889642 0.897509 0.841555 0.860824 0.858929 0.854159 0.840946 0.836834 0.850980 0.803160 0.809193 0.734811 0.837322 0.814964 0.822887 0.802960 0.818131 0.827461 0.804722 0.833880 0.789429 0.756568 0.712040 0.814139 0.786088 0.819637 0.731504 0.788365 0.774633 0.770312 0.751106 0.737066 0.722432 0.711490 0.806336 0.777800 0.748238 0.667689 0.683302 0.708371 0.746901 0.717993 0.692631 0.695948 0.667597 0.715860 0.686289 0.813246 0.748408 0.711843 0.754146 0.682250 0.643407 0.662112 0.673242 0.679665 0.752969 0.701741 0.633907 0.713897 0.760557 0.664980 0.718777 0.722121 0.665821 0.677573 0.686616 0.596417 0.694551 0.751465 0.701657 0.710848 0.659712 0.585026 0.686543 0.647343 0.571020 0.691055 0.670743 0.683531 0.626313 0.570701 0.636847 0.723160 0.672412 0.699161 0.670640 0.687179 0.670671 0.643288 0.668297 0.667730 0.698815 0.694876 0.675984 0.685062 0.691958 0.636025 0.706890 0.698343 0.623170 0.632039 0.702150 0.694242 0.580200 0.687151 
0.915717 0.911905 0.914516 0.911467 0.912122 0.912029 0.911105 0.912084 0.915437 0.918930 0.914558 0.916594 0.930018 0.932030 0.922457 0.956243 0.942322 0.962270 0.985864 0.977135 0.959393 0.992844 0.995930 0.987157 0.994852 0.995292 1.000000 0.966652 0.978781 0.977406 0.975384 0.962083 0.939738 0.978197 0.925844 0.918224 0.953290 0.881913 0.909283 0.940959 0.851609 0.886861 0.835674 0.865795 0.889200 0.893981 0.843613 0.863223 0.864962 0.853816 0.832529 0.842916 0.845797 0.799752 0.811736 0.731053 0.838551 0.811728 0.822432 0.789913 0.808807 0.820497 0.802056 0.829345 0.778978 0.757057 0.709426 0.808218 0.783288 0.822022 0.720522 0.781802 0.760277 0.771323 0.743181 0.731383 0.717311 0.701857 0.810482 0.771942 0.753067 0.660338 0.679942 0.713997 0.744944 0.712918 0.684358 0.686187 0.655727 0.722349 0.681575 0.816491 0.750966 0.712826 0.752937 0.673662 0.646824 0.649007 0.667779 0.683512 0.758295 0.699706 0.639918 0.716342 0.754491 0.660647 0.721119 0.719747 0.661371 0.681223 0.685404 0.593128 0.694721 0.744490 0.703749 0.706084 0.659762 0.586535 0.684949 0.645170 0.569656 0.694206 0.669757 0.686746 0.614293 0.568070 0.635061 0.720753 0.678190 0.700171 0.673908 0.689500 0.667133 0.638644 0.666076 0.665972 0.704064 0.696246 0.678524 0.684672 0.694801 0.641904 0.704595 0.706260 0.619616 0.626933 0.703853 0.699351 0.579757 0.681303 
0.938999 0.933085 0.935923 0.932966 0.933548 0.933295 0.932486 0.934672 0.937881 0.939002 0.937563 0.939409 0.946893 0.948681 0.947693 0.957251 0.963441 0.967590 0.968682 0.965218 0.967506 0.965055 0.966787 0.979318 0.959246 0.975563 0.966652 1.000000 0.993807 0.929100 0.978842 0.978699 0.973317 0.972862 0.956958 0.961435 0.969202 0.945236 0.953537 0.945712 0.915259 0.944543 0.917663 0.933927 0.939771 0.937258 0.904926 0.924286 0.904858 0.907466 0.910856 0.896382 0.893546 0.877095 0.872415 0.841713 0.893327 0.886485 0.888191 0.872510 0.885674 0.897353 0.892911 0.885524 0.873654 0.852788 0.810566 0.861461 0.863238 0.883296 0.841228 0.863677 0.855225 0.853317 0.845179 0.827902 0.826172 0.817707 0.868741 0.835695 0.831099 0.769086 0.789557 0.805697 0.833054 0.769434 0.795663 0.785409 0.780512 0.795757 0.782275 0.875944 0.815639 0.799204 0.801221 0.764502 0.759247 0.753422 0.770682 0.772826 0.825811 0.746034 0.728012 0.789712 0.818087 0.775264 0.779352 0.807871 0.745142 0.758641 0.778677 0.719090 0.792324 0.834937 0.785239 0.782824 0.732662 0.699735 0.778040 0.725810 0.685329 0.778954 0.768589 0.777681 0.712743 0.700220 0.741815 0.780760 0.747098 0.777980 0.762636 0.771292 0.757152 0.713548 0.777598 0.755880 0.748056 0.776263 0.768153 0.754246 0.733130 0.728370 0.778157 0.759852 0.729523 0.742574 0.777084 0.760255 0.671489 0.747155 
0.919271 0.911983 0.915321 0.911794 0.912412 0.912178 0.911079 0.913723 0.917199 0.918821 0.916978 0.918780 0.929087 0.931237 0.927777 0.946785 0.947819 0.957363 0.967935 0.963264 0.957313 0.970322 0.973898 0.980131 0.974513 0.982183 0.978781 0.993807 1.000000 0.958019 0.989622 0.983249 0.978115 0.989558 0.958673 0.962482 0.981493 0.943683 0.955588 0.963927 0.918574 0.943027 0.909649 0.934667 0.945176 0.945262 0.911206 0.927174 0.917885 0.915625 0.909849 0.909681 0.899745 0.878942 0.878750 0.827401 0.904804 0.891521 0.896596 0.869439 0.884226 0.895598 0.886253 0.893765 0.868073 0.849777 0.806731 0.874106 0.865079 0.891635 0.828890 0.868883 0.852164 0.854210 0.842096 0.823419 0.822587 0.810313 0.876259 0.846004 0.835121 0.767225 0.787385 0.808061 0.832340 0.778751 0.792763 0.784696 0.769963 0.805017 0.782006 0.882462 0.826718 0.805917 0.806732 0.767258 0.755456 0.746899 0.765204 0.774174 0.832456 0.754509 0.739289 0.794947 0.826794 0.766203 0.789376 0.813441 0.745660 0.773623 0.783737 0.714014 0.795932 0.835283 0.792266 0.786776 0.748888 0.700202 0.784069 0.740129 0.678693 0.787123 0.767982 0.778139 0.715966 0.690726 0.741643 0.793202 0.761689 0.784128 0.771203 0.784202 0.761978 0.726113 0.773118 0.760038 0.764665 0.787847 0.771740 0.767994 0.751306 0.739760 0.788646 0.777152 0.726719 0.743585 0.788585 0.773457 0.674874 0.759343 
